X Y1 Y2 Y3 Y4 Y5 Y6 Y7 Y8 Y9 Y10
0.000000000000000000e+00 0.000000000000000000e+00 1.000000000000000000e+00 0.000000000000000000e+00 0.000000000000000000e+00 1.000000000000000000e+00 2.723987499239574062e-01 -8.559978197216722151e-02 6.000000000000000000e+00 3.000000000000000000e+00
3.623188405797101580e-02 3.622395734746659823e-02 9.993436970902898064e-01 3.624774684919416373e-02 3.208831455150044920e-02 1.003629760087325629e+00 5.250214763580769439e-01 -8.760158412193778110e-01 7.000000000000000000e+00 4.000000000000000000e+00
7.246376811594203160e-02 7.240036691771647992e-02 9.973756498281778349e-01 7.259087078192574816e-02 6.317890162153166900e-02 1.007272695332942503e+00 5.246490480611651908e-01 -1.852789588717499436e+00 8.000000000000000000e+00 4.000000000000000000e+00
1.086956521739130543e-01 1.084817433450220026e-01 9.940984414839532102e-01 1.091257553759811677e-01 9.333193979221912628e-02 1.010928853559514895e+00 5.593342992480360154e-01 -1.008126488784285790e+00 4.000000000000000000e+00 6.000000000000000000e+00
1.449275362318840632e-01 1.444207260047119801e-01 9.895163737403600557e-01 1.459508198523318534e-01 1.226023220923322804e-01 1.014598282763291115e+00 6.525090577279211157e-01 8.135509472918569518e-01 6.000000000000000000e+00 5.000000000000000000e+00
1.811594202898550721e-01 1.801701411790032348e-01 9.836354610461834902e-01 1.831675944128491607e-01 1.510402574128659192e-01 1.018281031114734336e+00 2.772614313576069467e-01 2.000402417380738651e+00 6.000000000000000000e+00 4.000000000000000000e+00
2.173913043478261087e-01 2.156830639774971747e-01 9.764634227216495432e-01 2.208818671121690891e-01 1.786917887433759067e-01 1.021977146959155203e+00 1.178127246007129036e-01 8.300693582592758024e-02 5.000000000000000000e+00 7.000000000000000000e+00
2.536231884057971175e-01 2.509128799310638147e-01 9.680096728260000338e-01 2.592049304616457772e-01 2.055992416633001807e-01 1.025686678817346431e+00 8.530038012479641552e-01 5.294667464377570409e-01 5.000000000000000000e+00 5.000000000000000000e+00
2.898550724637681264e-01 2.858133461782654261e-01 9.582853078005437730e-01 2.982549600330032247e-01 2.318016140573243844e-01 1.029409675386218970e+00 9.919133602173328956e-01 4.180302660561704964e-01 2.000000000000000000e+00 5.000000000000000000e+00
3.260869565217391353e-01 3.203386521640054219e-01 9.473030919034035602e-01 3.381585628738455473e-01 2.573349160624890386e-01 1.033146185539442596e+00 1.282729038439204272e-01 -1.051945641828696543e+00 6.000000000000000000e+00 8.000000000000000000e+00
3.623188405797101441e-01 3.544434797707296525e-01 9.350774404550761254e-01 3.790525409299062010e-01 2.822324676842163371e-01 1.036896258328086295e+00 7.260147174370290557e-02 -3.689993047646256130e-01 2.000000000000000000e+00 4.000000000000000000e+00
3.985507246376811530e-01 3.880830628032512220e-01 9.216244009167985363e-01 4.210859243930610840e-01 3.065251602532608199e-01 1.040659942981262853e+00 6.058890173780758781e-01 2.033303557309829035e+00 2.000000000000000000e+00 6.000000000000000000e+00
4.347826086956522174e-01 4.212132457491188364e-01 9.069616318265577570e-01 4.644223426528248932e-01 3.302416868705768116e-01 1.044437288906774786e+00 3.887531695950193766e-01 2.772049842310131962e-01 4.000000000000000000e+00 4.000000000000000000e+00
4.710144927536232262e-01 4.537905417373991335e-01 8.911083796203903562e-01 5.092428172774141615e-01 3.534087461521111528e-01 1.048228345691762931e+00 4.296387688696693408e-01 -9.928052293873510514e-01 4.000000000000000000e+00 5.000000000000000000e+00
5.072463768115942351e-01 4.857721896197970124e-01 8.740854533693991346e-01 5.557490835103782167e-01 3.760512229018710961e-01 1.052033163103358149e+00 1.220799654058218886e-01 3.824261806198405167e-01 3.000000000000000000e+00 6.000000000000000000e+00
5.434782608695651884e-01 5.171162100991872901e-01 8.559151974656444839e-01 6.041675759822500158e-01 3.981923487790845484e-01 1.055851791089333691e+00 9.937594199861607969e-01 -1.382502634517771112e+00 7.000000000000000000e+00 5.000000000000000000e+00
5.797101449275362528e-01 5.477814608318849476e-01 8.366214622927660161e-01 6.547542532923870118e-01 4.198538455602640607e-01 1.059684279778760896e+00 5.166657893161226145e-01 1.328839594914848821e+00 7.000000000000000000e+00 4.000000000000000000e+00
6.159420289855073172e-01 5.777276904313239925e-01 8.162295729198301153e-01 7.078004884883878356e-01 4.410560532108669940e-01 1.063530679482668218e+00 6.030490794255007891e-01 1.388852449429410774e+00 3.000000000000000000e+00 5.000000000000000000e+00
6.521739130434782705e-01 6.069155913022624693e-01 7.947662958594967630e-01 7.636403235317322791e-01 4.618180446592961008e-01 1.067391040694700477e+00 3.492138285362522687e-02 9.058140519145907454e-01 5.000000000000000000e+00 5.000000000000000000e+00
6.884057971014493349e-01 6.353068512361608189e-01 7.722598039341388443e-01 8.226594832460580875e-01 4.821577288964187247e-01 1.071265414091782997e+00 2.483637648482228677e-02 8.486946763646098235e-01 6.000000000000000000e+00 6.000000000000000000e+00
7.246376811594202882e-01 6.628642037000088694e-01 7.487396392960327107e-01 8.853066792660206907e-01 5.020919437972360955e-01 1.075153850534785516e+00 4.215491142396260438e-01 -1.042123629474560831e+00 8.000000000000000000e+00 4.000000000000000000e+00
7.608695652173913526e-01 6.895514767525948718e-01 7.242366746501558428e-01 9.521079239541193617e-01 5.216365398702063061e-01 1.079056401069191207e+00 1.498196129308785318e-01 -5.605534322765213240e-01 1.000000000000000000e+01 4.000000000000000000e+00
7.971014492753623060e-01 7.153336405240053875e-01 6.987830727304955580e-01 1.023684843607957751e+00 5.408064559779265368e-01 1.082973116925765256e+00 3.448629503644903282e-01 -7.697843054355250902e-02 7.000000000000000000e+00 2.000000000000000000e+00
8.333333333333333703e-01 7.401768531960370989e-01 6.724122440830566649e-01 1.100778368789801620e+00 5.596157879354226594e-01 1.086904049521228988e+00 4.873153840289178307e-01 -6.265134933363359915e-01 4.000000000000000000e+00 5.000000000000000000e+00
8.695652173913044347e-01 7.640485054231633821e-01 6.451588032109848436e-01 1.184279748831541967e+00 5.780778507751580531e-01 1.090849250458933550e+00 1.869301497727842154e-01 1.035349247093351466e-01 2.000000000000000000e+00 2.000000000000000000e+00
9.057971014492753881e-01 7.869172631357517211e-01 6.170585231393681536e-01 1.275271685953229150e+00 5.962052353677147476e-01 1.094808771529538260e+00 2.723948061655491193e-01 -1.035697314759087329e+00 1.000000000000000000e+00 2.000000000000000000e+00
9.420289855072464524e-01 8.087531086693457993e-01 5.881482884593556282e-01 1.375083672840161864e+00 6.140098600012214858e-01 1.098782664711690060e+00 9.951975903135037438e-01 1.236295749491162166e+00 5.000000000000000000e+00 4.000000000000000000e+00
9.782608695652174058e-01 8.295273801660261181e-01 5.584660469132293192e-01 1.485367615007242126e+00 6.315030174487387127e-01 1.102770982172705860e+00 3.279464050944480569e-02 -4.649338688646975082e-01 2.000000000000000000e+00 4.000000000000000000e+00
1.014492753623188470e+00 8.492128091961319569e-01 5.280507595839759594e-01 1.608202987654412386e+00 6.486954179891114558e-01 1.106773776269257104e+00 8.918167733825251853e-01 -1.861561303375473542e-01 6.000000000000000000e+00 5.000000000000000000e+00
1.050724637681159424e+00 8.677835565509606219e-01 4.969423497547433843e-01 1.746245931704631271e+00 6.655972287917146790e-01 1.110791099548057881e+00 8.078219209862654848e-01 1.874043571280475107e-01 8.000000000000000000e+00 4.000000000000000000e+00
1.086956521739130377e+00 8.852152461594632316e-01 4.651816505053063544e-01 1.902945322967689812e+00 6.822181100277550092e-01 1.114823004746553714e+00 2.673519201400786915e-02 7.936544245393669650e-01 5.000000000000000000e+00 3.000000000000000000e+00
1.123188405797101552e+00 9.014849970844173166e-01 4.328103511143281956e-01 2.082863764148485508e+00 6.985672480292846043e-01 1.118869544793615223e+00 7.490111261014339439e-01 -2.162330420068846459e-01 2.000000000000000000e+00 4.000000000000000000e+00
1.159420289855072506e+00 9.165714535560781639e-01 3.998709423377722616e-01 2.292168188559816411e+00 7.146533857809089785e-01 1.122930772810231126e+00 1.484566797770705548e-01 -1.003454338491486020e+00 8.000000000000000000e+00 7.000000000000000000e+00
1.195652173913043459e+00 9.304548130038867715e-01 3.664066606352866518e-01 2.539404746056299178e+00 7.304848509975896409e-01 1.127006742110207238e+00 8.303193992892364816e-01 2.152377484516777351e+00 6.000000000000000000e+00 7.000000000000000000e+00
1.231884057971014634e+00 9.431168520494388474e-01 3.324614314177765650e-01 2.836770713605881511e+00 7.460695820142878576e-01 1.131097506200865688e+00 7.490721161655111704e-01 -1.437137923670054107e+00 1.000000000000000000e+00 5.000000000000000000e+00
1.268115942028985588e+00 9.545409504265972567e-01 2.980798113906548696e-01 3.202299900732301197e+00 7.614151516889481330e-01 1.135203118783747023e+00 7.155292879325864108e-01 -3.038719736067128641e-01 4.000000000000000000e+00 4.000000000000000000e+00
1.304347826086956541e+00 9.647121127973506960e-01 2.633069300684501290e-01 3.663831075568581230e+00 7.765287894989962858e-01 1.139323633755315868e+00 8.409802270077199049e-01 -1.237074276988953114e+00 9.000000000000000000e+00 8.000000000000000000e+00
1.340579710144927494e+00 9.736169884347810610e-01 2.281884305375437572e-01 4.266723716628535001e+00 7.914174019927469050e-01 1.143459105207667470e+00 3.304676643154753624e-01 1.161030327324420908e+00 7.000000000000000000e+00 6.000000000000000000e+00
1.376811594202898670e+00 9.812438887473053928e-01 1.927704095447892174e-01 5.090220491124278546e+00 8.060875917405406765e-01 1.147609587429239353e+00 8.095313731506471600e-01 1.143271756091333469e+00 6.000000000000000000e+00 4.000000000000000000e+00
1.413043478260869623e+00 9.875828026211892485e-01 1.570993569906543597e-01 6.286358019147966658e+00 8.205456749157705731e-01 1.151775134905522080e+00 4.336178925578104693e-02 4.149849357315069098e-01 7.000000000000000000e+00 7.000000000000000000e+00
1.449275362318840576e+00 9.926254095611931616e-01 1.212220949063063796e-01 8.188485855886272091e+00 8.347976976229721791e-01 1.155955802319776016e+00 8.366095157190667209e-01 -4.946641919134064369e-01 7.000000000000000000e+00 5.000000000000000000e+00
1.485507246376811752e+00 9.963650906121024331e-01 8.518571599474181189e-02 1.169638687633504404e+01 8.488494510786224190e-01 1.160151644553748751e+00 6.096556048799771643e-01 -5.900315234519054597e-01 4.000000000000000000e+00 5.000000000000000000e+00
1.521739130434782705e+00 9.987969370468070540e-01 4.903752181663128401e-02 2.036801412562534352e+01 8.627064857400486009e-01 1.164362716688395194e+00 4.862389665956861062e-01 1.115390891189097955e+00 5.000000000000000000e+00 3.000000000000000000e+00
1.557971014492753659e+00 9.999177568095246604e-01 1.282496070201429549e-02 7.796653573000632775e+01 8.763741244687126564e-01 1.168589074004600548e+00 1.816035731028270428e-01 -8.261496409615184944e-02 7.000000000000000000e+00 4.000000000000000000e+00
1.594202898550724612e+00 9.997260787057123954e-01 -2.340443453065399818e-02 -4.271524173747157249e+01 8.898574748059996375e-01 1.172830771983907061e+00 3.135965249907974872e-01 -1.266587868830749142e-01 1.300000000000000000e+01 4.000000000000000000e+00
1.630434782608695787e+00 9.982221543331647462e-01 -5.960310896635732936e-02 -1.674782023361576933e+01 9.031614404323623502e-01 1.177087866309241448e+00 5.254177866451711365e-01 -3.137723120618635120e-01 9.000000000000000000e+00 4.000000000000000000e+00
1.666666666666666741e+00 9.954079577517649380e-01 -9.572354801437565897e-02 -1.039877834033351611e+01 9.162907318741551066e-01 1.181360412865645859e+00 8.787030474520082235e-01 -1.945906386303012159e+00 2.000000000000000000e+00 3.000000000000000000e+00
1.702898550724637694e+00 9.912871828923228712e-01 -1.317183397762147490e-01 -7.525809880207176228e+00 9.292498765166602448e-01 1.185648467741012180e+00 1.775437695827621898e-01 -3.245675763810020320e-01 6.000000000000000000e+00 5.000000000000000000e+00
1.739130434782608869e+00 9.858652387078995494e-01 -1.675402372787394012e-01 -5.884349065757257691e+00 9.420432279765696970e-01 1.189952087226817001e+00 2.525106680725078823e-01 3.296536004467686132e-01 7.000000000000000000e+00 6.000000000000000000e+00
1.775362318840579823e+00 9.791492420739839053e-01 -2.031422204908246987e-01 -4.820018407341417621e+00 9.546749748824702175e-01 1.194271327818862805e+00 3.052186738140254540e-01 -1.526683161649051490e+00 6.000000000000000000e+00 7.000000000000000000e+00
1.811594202898550776e+00 9.711480084468410157e-01 -2.384775580421237828e-01 -4.072282593045090771e+00 9.671491491076459335e-01 1.198606246218016924e+00 4.398256445467800813e-01 6.218161903920858130e-02 3.000000000000000000e+00 4.000000000000000000e+00
1.847826086956521729e+00 9.618720402922922297e-01 -2.734998685629355664e-01 -3.516901289007215325e+00 9.794696334956867201e-01 1.202956899330958063e+00 4.933594905681509823e-01 -1.270319217556102609e-01 4.000000000000000000e+00 4.000000000000000000e+00
1.884057971014492905e+00 9.513335133001179500e-01 -3.081631815646612149e-01 -3.087109590671531123e+00 9.916401691159418830e-01 1.207323344270922583e+00 1.935431688458091326e-01 1.434473554641882753e+00 6.000000000000000000e+00 7.000000000000000000e+00
1.920289855072463858e+00 9.395462604021763697e-01 -3.424219977809337401e-01 -2.743825649318406334e+00 1.003664362082743455e+00 1.211705638358453463e+00 1.647978425397845781e-01 1.129374327163541247e+00 5.000000000000000000e+00 7.000000000000000000e+00
1.956521739130434812e+00 9.265257536152162743e-01 -3.762313488902214731e-01 -2.462648996018570013e+00 1.015545689969496346e+00 1.216103839122154362e+00 5.636913381962971314e-01 1.017049106557798011e+00 4.000000000000000000e+00 8.000000000000000000e+00
1.992753623188405765e+00 9.122890837322179536e-01 -4.095468565415075202e-01 -2.227557284741990440e+00 1.027287507846179615e+00 1.220518004299443238e+00 4.060626846473770479e-01 -1.732763654259015240e+00 4.000000000000000000e+00 4.000000000000000000e+00
2.028985507246376940e+00 8.968549378889190127e-01 -4.423247906055720602e-01 -2.027593652756982223e+00 1.038893053966487567e+00 1.224948191837311740e+00 9.700048003707654187e-01 8.022511659206735812e-01 3.000000000000000000e+00 7.000000000000000000e+00
2.065217391304348116e+00 8.802435750349711929e-01 -4.745221265754138162e-01 -1.855010600638614893e+00 1.050365455128724257e+00 1.229394459893084379e+00 8.979581670529652726e-01 -7.939033361598671901e-01 3.000000000000000000e+00 3.000000000000000000e+00
2.101449275362318847e+00 8.624767993419252265e-01 -5.060966020404685795e-01 -1.704174254212755590e+00 1.061707731732658644e+00 1.233856866835183252e+00 5.979152059245251838e-02 -1.027172027786891692e-02 3.000000000000000000e+00 2.000000000000000000e+00
2.137681159420290022e+00 8.435779315829478042e-01 -5.370067721604965261e-01 -1.570888814286359958e+00 1.072922802552798816e+00 1.238335471243894315e+00 6.054755042101367390e-01 -6.676794925934503855e-01 2.000000000000000000e+00 3.000000000000000000e+00
2.173913043478260754e+00 8.235717785218402698e-01 -5.672120640663180779e-01 -1.451964495637999564e+00 1.084013489246956841e+00 1.242830331912134767e+00 2.219452294985724272e-02 1.490009222514775855e+00 1.100000000000000000e+01 6.000000000000000000e+00
2.210144927536231929e+00 8.024846003515342385e-01 -5.966728301160011405e-01 -1.344932364685552439e+00 1.094982520617530986e+00 1.247341507846226882e+00 9.116339307168114248e-01 1.669494402472031735e+00 3.000000000000000000e+00 6.000000000000000000e+00
2.246376811594203105e+00 7.803440762248116114e-01 -6.253503999365838117e-01 -1.247850926942631666e+00 1.105832536641596864e+00 1.251869058266671608e+00 3.297695968112991372e-01 -1.455191153222144429e+00 4.000000000000000000e+00 5.000000000000000000e+00
2.282608695652173836e+00 7.571792679224863543e-01 -6.532071311830326410e-01 -1.159171772284770308e+00 1.116566092284705380e+00 1.256413042608925723e+00 5.888523509286707203e-01 -5.001800631182296009e-01 3.000000000000000000e+00 3.000000000000000000e+00
2.318840579710145011e+00 7.330205817067413365e-01 -6.802064589478039602e-01 -1.077644253541247377e+00 1.127185661112165782e+00 1.260973520524182989e+00 9.659678841850938280e-02 -1.434981048809969018e+00 3.000000000000000000e+00 4.000000000000000000e+00
2.355072463768116187e+00 7.078997284096930631e-01 -7.063129437561531665e-01 -1.002246574507188681e+00 1.137693638710580712e+00 1.265550551880155972e+00 4.057007813919363270e-01 6.080852467698023567e-01 2.000000000000000000e+00 2.000000000000000000e+00
2.391304347826086918e+00 6.818496818095685086e-01 -7.314923180841956807e-01 -9.321351228887226892e-01 1.148092345931479352e+00 1.270144196761863409e+00 4.372796439745068042e-01 -6.458199643517857913e-01 8.000000000000000000e+00 4.000000000000000000e+00
2.427536231884058093e+00 6.549046353491303485e-01 -7.557115313386599809e-01 -8.666066457779713073e-01 1.158384031968026973e+00 1.274754515472417804e+00 1.196116464093647247e-01 -3.999534824634230074e-02 1.000000000000000000e+00 3.000000000000000000e+00
2.463768115942029269e+00 6.270999572531676947e-01 -7.789387932392860536e-01 -8.050696186863628423e-01 1.168570877275020070e+00 1.279381568533817459e+00 4.092381085759020376e-01 -4.894890153028029212e-01 5.000000000000000000e+00 6.000000000000000000e+00
2.500000000000000000e+00 5.984721441039564382e-01 -8.011436155469336962e-01 -7.470222972386602045e-01 1.178654996341646166e+00 1.284025416687741394e+00 1.422310765114598308e-02 -1.204087484721261925e+00 6.000000000000000000e+00 6.000000000000000000e+00
2.536231884057971175e+00 5.690587729356331170e-01 -8.222968520826232641e-01 -6.920356942804578582e-01 1.188638440325829215e+00 1.288686120896346265e+00 8.959429490389209105e-01 7.777691915672182432e-01 3.000000000000000000e+00 2.000000000000000000e+00
2.572463768115941907e+00 5.388984519103625637e-01 -8.423707369849777749e-01 -6.397402334264288282e-01 1.198523199558371166e+00 1.293363742343066169e+00 1.657378367402683184e-01 4.960698193798515794e-03 8.000000000000000000e+00 6.000000000000000000e+00
2.608695652173913082e+00 5.080307696410375495e-01 -8.613389211558566405e-01 -5.898151786282869180e-01 1.208311205924534004e+00 1.298058342433416890e+00 9.991331218164462014e-01 -7.727084589309963780e-01 2.000000000000000000e+00 6.000000000000000000e+00
2.644927536231884257e+00 4.764962432270370418e-01 -8.791765068463330834e-01 -5.419801820413309157e-01 1.218004335130193905e+00 1.302769982795801695e+00 2.221696302820981295e-01 5.326894318639925352e-01 7.000000000000000000e+00 4.000000000000000000e+00
2.681159420289854989e+00 4.443362650712451845e-01 -8.958600803376250976e-01 -4.959884638500545728e-01 1.227604408859213070e+00 1.307498725282319807e+00 1.185464949449962502e-01 -9.641488589731785908e-01 8.000000000000000000e+00 5.000000000000000000e+00
2.717391304347826164e+00 4.115930485481408829e-01 -9.113677426740798282e-01 -4.516212603053840757e-01 1.237113196828240280e+00 1.312244631969578412e+00 3.675682359069454286e-03 -6.269329139079452551e-01 6.000000000000000000e+00 6.000000000000000000e+00
2.753623188405797340e+00 3.783095725942793308e-01 -9.256791384078684182e-01 -4.086832649647444970e-01 1.246532418744731974e+00 1.317007765159508903e+00 2.321946567156238928e-01 6.064276524401206458e-01 3.000000000000000000e+00 5.000000000000000000e+00
2.789855072463768071e+00 3.445295252938884722e-01 -9.387754823176667207e-01 -3.669988530626166479e-01 1.255863746173616180e+00 1.321788187380182666e+00 8.973958095055770690e-01 -1.221097991096092850e+00 8.000000000000000000e+00 8.000000000000000000e+00
2.826086956521739246e+00 3.102972465336343300e-01 -9.506395840662458241e-01 -3.264089269314616182e-01 1.265108804317667257e+00 1.326585961386633539e+00 5.516519518306561842e-03 1.776195666178913779e+00 5.000000000000000000e+00 3.000000000000000000e+00
2.862318840579710422e+00 2.756576698018299854e-01 -9.612558707646082778e-01 -2.867682561798708396e-01 1.274269173716331638e+00 1.331401150161681146e+00 1.899331144301792396e-01 5.132017129010880280e-02 1.100000000000000000e+01 4.000000000000000000e+00
2.898550724637681153e+00 2.406562632084763842e-01 -9.706104074130529336e-01 -2.479432132300047609e-01 1.283346391867448144e+00 1.336233816916757355e+00 7.933610428191129049e-02 1.091708051749372910e+00 5.000000000000000000e+00 7.000000000000000000e+00
2.934782608695652328e+00 2.053389698035548994e-01 -9.786909151923373074e-01 -2.098098251614000653e-01 1.292341954776026203e+00 1.341084025092736498e+00 9.329752403374981240e-01 -4.438379002785158844e-01 3.000000000000000000e+00 3.000000000000000000e+00
2.971014492753623504e+00 1.697521472719155100e-01 -9.854867875809263378e-01 -1.722520782735260936e-01 1.301257318433978405e+00 1.345951838360767816e+00 7.017125660503181761e-01 5.027804443935639522e-01 5.000000000000000000e+00 5.000000000000000000e+00
3.007246376811594235e+00 1.339425070839083409e-01 -9.909891042771747927e-01 -1.351604235665191112e-01 1.310093900234476472e+00 1.350837320623112348e+00 5.104371537774295975e-01 1.263560862815113151e+00 3.000000000000000000e+00 3.000000000000000000e+00
3.043478260869565410e+00 9.795705318163461239e-02 -9.951906429081668337e-01 -9.843044031782942349e-02 1.318853080324357885e+00 1.355740536013979813e+00 4.811952889980251058e-01 6.057978736305273948e-01 1.000000000000000000e+00 4.000000000000000000e+00
3.079710144927536142e+00 6.184302028130185536e-02 -9.980858885098449207e-01 -6.196162173341041718e-02 1.327536202897818818e+00 1.360661548900372608e+00 4.110150269055167227e-01 2.313274372146629787e-01 2.000000000000000000e+00 3.000000000000000000e+00
3.115942028985507317e+00 2.564781187265688378e-02 -9.996710407659835651e-01 -2.565625173357489325e-02 1.336144577434419167e+00 1.365600423882929793e+00 6.005555045177758400e-01 6.671462974733025630e-01 3.000000000000000000e+00 4.000000000000000000e+00
3.152173913043478493e+00 -1.058106200310753552e-02 -9.999440189965068670e-01 1.058165437473805072e-02 1.344679479884256512e+00 1.370557225796774858e+00 8.085929188758392838e-01 5.743352484640564803e-01 2.000000000000000000e+00 6.000000000000000000e+00
3.188405797101449224e+00 -4.679604711531058087e-02 -9.989044648886006295e-01 4.684737005408155103e-02 1.353142153802990189e+00 1.375532019712367715e+00 3.266117953523528517e-01 -1.189787944656874208e+00 6.000000000000000000e+00 6.000000000000000000e+00
3.224637681159420399e+00 -8.294960746374464844e-02 -9.965537429670366931e-01 8.323646170529550026e-02 1.361533811439238573e+00 1.380524870936357784e+00 5.653610736460679131e-01 -2.080535864641652744e+00 5.000000000000000000e+00 6.000000000000000000e+00
3.260869565217391575e+00 -1.189942876747031725e-01 -9.928949388030890999e-01 1.198457994137304278e-01 1.369855634776730779e+00 1.385535845012442868e+00 9.579980442833752052e-01 6.238444118835794194e-01 8.000000000000000000e+00 6.000000000000000000e+00
3.297101449275362306e+00 -1.548827752911816347e-01 -9.879328549643955348e-01 1.567745970921915755e-01 1.378108776533451207e+00 1.390565007722227797e+00 2.968204459670914508e-01 2.732897017316986421e-01 5.000000000000000000e+00 3.000000000000000000e+00
3.333333333333333481e+00 -1.905679628754853860e-01 -9.816740047110790179e-01 1.941255059836002328e-01 1.386294361119890572e+00 1.395612425086089514e+00 4.224889006951363379e-01 -4.317152395763649841e-01 3.000000000000000000e+00 7.000000000000000000e+00
3.369565217391304657e+00 -2.260030098427236733e-01 -9.741266034464051149e-01 2.320057875877095943e-01 1.394413485558394727e+00 1.400678163364042605e+00 6.478147500960096394e-04 8.569112581036161247e-01 4.000000000000000000e+00 5.000000000000000000e+00
3.405797101449275388e+00 -2.611414039440354551e-01 -9.653005579331952468e-01 2.705285952627700108e-01 1.402467220365491540e+00 1.405762289056609937e+00 8.006769744194326410e-01 -7.276805075187446903e-01 2.000000000000000000e+00 4.000000000000000000e+00
3.442028985507246563e+00 -2.959370223188391158e-01 -9.552074532901525528e-01 3.098143982226085891e-01 1.410456610398970412e+00 1.410864868905694847e+00 2.753277927874147046e-01 -2.744641412141252679e-01 4.000000000000000000e+00 6.000000000000000000e+00
3.478260869565217739e+00 -3.303441920359651007e-01 -9.438605377851674305e-01 3.499925876879439457e-01 1.418382675671391091e+00 1.415985969895458663e+00 9.483131024411431964e-01 -1.164321733196868047e+00 5.000000000000000000e+00 3.000000000000000000e+00
3.514492753623188470e+00 -3.643177500442125738e-01 -9.312747054455643436e-01 3.912033129579164381e-01 1.426246412131605634e+00 1.421125659253198004e+00 8.510278929308234819e-02 1.450849843982600751e+00 5.000000000000000000e+00 4.000000000000000000e+00
3.550724637681159646e+00 -3.978131024536342708e-01 -9.174664765081143036e-01 4.335996056964550038e-01 1.434048792415790530e+00 1.426284004450229626e+00 6.650391985437671405e-01 8.146382973959412355e-02 3.000000000000000000e+00 5.000000000000000000e+00
3.586956521739130377e+00 -4.307862830697332668e-01 -9.024539757344768320e-01 4.773498645392202366e-01 1.441790766569405857e+00 1.431461073202773715e+00 6.270177362764554063e-01 -1.258048160452507336e+00 5.000000000000000000e+00 6.000000000000000000e+00
3.623188405797101552e+00 -4.631940111037488594e-01 -8.862569086205309699e-01 5.226407902700760388e-01 1.449473262741422186e+00 1.436656933472845399e+00 3.121231420862572437e-01 -1.203461952777753696e+00 4.000000000000000000e+00 7.000000000000000000e+00
3.659420289855072728e+00 -4.949937479832690057e-01 -8.688965355308283511e-01 5.696808857465017750e-01 1.457097187852081310e+00 1.441871653469144698e+00 2.954386520251910397e-01 6.067599659957276237e-03 4.000000000000000000e+00 6.000000000000000000e+00
3.695652173913043459e+00 -5.261437531886091756e-01 -8.503956437921139644e-01 6.187046665037119197e-01 1.464663428235397413e+00 1.447105301647952924e+00 2.141115226594675347e-01 9.717640329399877819e-02 9.000000000000000000e+00 6.000000000000000000e+00
3.731884057971014634e+00 -5.566031390416626978e-01 -8.307785177825479650e-01 6.699777704017988444e-01 1.472172850257528864e+00 1.452357946714031955e+00 4.664037625932981879e-02 -1.802355806159292861e-01 3.000000000000000000e+00 6.000000000000000000e+00
3.768115942028985810e+00 -5.863319243753025711e-01 -8.100709070558913538e-01 7.238032118771650092e-01 1.479626300912109782e+00 1.457629657621524633e+00 8.242162317606688271e-01 1.284963978952249120e+00 4.000000000000000000e+00 4.000000000000000000e+00
3.804347826086956541e+00 -6.152910870128950327e-01 -7.882999925424901688e-01 7.805291041909152572e-01 1.487024608393554548e+00 1.462920503574861142e+00 2.904815750273073149e-01 -1.110591429782331052e-01 4.000000000000000000e+00 2.000000000000000000e+00
3.840579710144927716e+00 -6.434426149890372093e-01 -7.654943508714284750e-01 8.405582800925321951e-01 1.494368582649313160e+00 1.468230554029667401e+00 3.769856821528427826e-01 4.517606514765241665e-01 6.000000000000000000e+00 4.000000000000000000e+00
3.876811594202898892e+00 -6.707495564442818026e-01 -7.416839168606794708e-01 9.043603901825981728e-01 1.501659015911992467e+00 1.473559878693676106e+00 3.930251382445161257e-01 -6.606062342649561547e-02 4.000000000000000000e+00 6.000000000000000000e+00
3.913043478260869623e+00 -6.971760681283636352e-01 -7.168999442244888831e-01 9.724872679164987543e-01 1.508896683212223033e+00 1.478908547527642670e+00 7.342105975185204692e-01 -7.485672457202554586e-01 5.000000000000000000e+00 4.000000000000000000e+00
3.949275362318840799e+00 -7.226874624482598763e-01 -6.911749645495668393e-01 1.045592649495383997e+00 1.516082342873097621e+00 1.484276630746262926e+00 5.071822468375851711e-01 2.762701007539758002e+00 2.000000000000000000e+00 5.000000000000000000e+00
3.985507246376811530e+00 -7.472502529993240161e-01 -6.645427445939398048e-01 1.124457770516961386e+00 1.523216736986971576e+00 1.489664198819095731e+00 7.590551829030464104e-01 1.433697364123344808e+00 7.000000000000000000e+00 2.000000000000000000e+00
4.021739130434783149e+00 -7.708321985197384985e-01 -6.370382419645043148e-01 1.210024999665073819e+00 1.530300591875376481e+00 1.495071322471487107e+00 6.375698809121943533e-02 -2.519727825147205502e-01 5.000000000000000000e+00 8.000000000000000000e+00
4.057971014492753881e+00 -7.934023452105788410e-01 -6.086975592314737282e-01 1.303442626272904414e+00 1.537334618532756547e+00 1.500498072685499285e+00 9.348832446553072550e-01 8.463058630503298430e-01 1.000000000000000000e+00 4.000000000000000000e+00
4.094202898550724612e+00 -8.149310673659539983e-01 -5.795578965399288407e-01 1.406125379761449024e+00 1.544319513054707604e+00 1.505944520700841949e+00 6.639299680784928048e-01 -1.780438702722689559e+00 1.200000000000000000e+01 4.000000000000000000e+00
4.130434782608696231e+00 -8.353901062598787508e-01 -5.496575027806939184e-01 1.519837538892266027e+00 1.551255957051364653e+00 1.511410738015808386e+00 2.022435290269952723e-01 1.106685474322359058e-01 6.000000000000000000e+00 4.000000000000000000e+00
4.166666666666666963e+00 -8.547526072388399454e-01 -5.190356253846216683e-01 1.646809131079280730e+00 1.558144618046549912e+00 1.516896796388213398e+00 3.352165154778973255e-01 1.630197276194325973e+00 6.000000000000000000e+00 5.000000000000000000e+00
4.202898550724637694e+00 -8.729931549713747518e-01 -4.877324588061831556e-01 1.789901695507798651e+00 1.564986149863266451e+00 1.522402767836335213e+00 1.516536469020073330e-01 4.076687320401492509e-01 4.000000000000000000e+00 3.000000000000000000e+00
4.239130434782608425e+00 -8.900878068083800665e-01 -4.557890917639954576e-01 1.952850173231573505e+00 1.571781192996095200e+00 1.527928724639861624e+00 3.061570566420129813e-01 3.110989937604470290e-01 6.000000000000000000e+00 6.000000000000000000e+00
4.275362318840580045e+00 -9.060141242103739723e-01 -4.232474533075291645e-01 2.140625105077877954e+00 1.578530374971023775e+00 1.533474739340837445e+00 8.898527324923890536e-01 1.453652350153462613e+00 4.000000000000000000e+00 6.000000000000000000e+00
4.311594202898550776e+00 -9.207512022004518126e-01 -3.901502577807973715e-01 2.359991269614303722e+00 1.585234310693213855e+00 1.539040884744618864e+00 8.888475912232869369e-01 -3.885635831347313274e-01 4.000000000000000000e+00 6.000000000000000000e+00
4.347826086956521507e+00 -9.342796968042831329e-01 -3.565409487552541612e-01 2.620399424150337886e+00 1.591893602783190698e+00 1.544627233920826903e+00 6.527335076350271326e-01 7.829966507769299255e-01 6.000000000000000000e+00 7.000000000000000000e+00
4.384057971014493127e+00 -9.465818504411230849e-01 -3.224636420055123076e-01 2.935468459495169657e+00 1.598508841901910005e+00 1.550233860204308867e+00 2.513939131212840072e-01 -3.586770975581854981e-01 4.000000000000000000e+00 7.000000000000000000e+00
4.420289855072463858e+00 -9.576415152325160607e-01 -2.879630676027233882e-01 3.325570612942933213e+00 1.605080607065144438e+00 1.555860837196099133e+00 4.704865121344320444e-01 9.881150287656038922e-02 5.000000000000000000e+00 6.000000000000000000e+00
4.456521739130434590e+00 -9.674441741980963627e-01 -2.530845112016209542e-01 3.822613124780984251e+00 1.611609465947608344e+00 1.561508238764386380e+00 8.361829517417643798e-01 8.212183653207666412e-01 4.000000000000000000e+00 4.000000000000000000e+00
4.492753623188406209e+00 -9.759769603106600577e-01 -2.178737545983092661e-01 4.479552675401655470e+00 1.618095975177215040e+00 1.567176139045483252e+00 4.741282248876945715e-01 -5.658863809270622269e-01 5.000000000000000000e+00 6.000000000000000000e+00
4.528985507246376940e+00 -9.832286733854995742e-01 -1.823770156368137441e-01 5.391187425412776513e+00 1.624540680619857014e+00 1.572864612444799581e+00 4.724636549147576137e-01 2.480197161801271477e+00 5.000000000000000000e+00 2.000000000000000000e+00
4.565217391304347672e+00 -9.891897947818323322e-01 -1.466408875432648196e-01 6.745661536520518808e+00 1.630944117655063863e+00 1.578573733637818499e+00 9.222673400795741161e-01 -6.049063735151445353e-01 5.000000000000000000e+00 3.000000000000000000e+00
4.601449275362319291e+00 -9.938524998970232893e-01 -1.107122777673607561e-01 8.976895064749742303e+00 1.637306811442892585e+00 1.584303577571077426e+00 9.342607823573517711e-01 1.790681944253499080e-01 3.000000000000000000e+00 5.000000000000000000e+00
4.637681159420290022e+00 -9.972106684372038510e-01 -7.463834641137885584e-02 1.336056754179612938e+01 1.643629277182379722e+00 1.590054219463151952e+00 4.006838458378491064e-01 -9.721438634222443476e-01 2.000000000000000000e+00 4.000000000000000000e+00
4.673913043478260754e+00 -9.992598924508057090e-01 -3.846644432754545845e-02 2.597744371541107355e+01 1.649912020361874898e+00 1.595825734805642826e+00 1.486082327596552899e-01 -9.595825865808750299e-01 6.000000000000000000e+00 5.000000000000000000e+00
4.710144927536232373e+00 -9.999974821144632653e-01 -2.244050965034431310e-03 4.456215557025550424e+02 1.656155537001559930e+00 1.601618199364167383e+00 8.381840175820050032e-01 -9.826430732157506176e-01 2.000000000000000000e+00 6.000000000000000000e+00
4.746376811594203105e+00 -9.994224692636917151e-01 3.398128795183148754e-02 -2.941096496049161146e+01 1.662360313888442853e+00 1.607431689179353640e+00 3.843828903719258561e-01 -1.545242131386014961e+00 5.000000000000000000e+00 7.000000000000000000e+00
4.782608695652173836e+00 -9.975356086637050534e-01 7.016202283238043291e-02 -1.421760046808874201e+01 1.668526828804106854e+00 1.613266280567839051e+00 4.508068073203378434e-01 4.106739374590487324e-01 5.000000000000000000e+00 5.000000000000000000e+00
4.818840579710145455e+00 -9.943393770187073377e-01 1.062506626334581705e-01 -9.358429889975964144e+00 1.674655550745480115e+00 1.619122050123272372e+00 2.883115652498152715e-01 6.221334987318623000e-01 5.000000000000000000e+00 5.000000000000000000e+00
4.855072463768116187e+00 -9.898379697209561678e-01 1.421998371964450780e-01 -6.960893832483947996e+00 1.680746940138882151e+00 1.624999074717318415e+00 7.053365217997772385e-01 1.205284963333706161e+00 8.000000000000000000e+00 5.000000000000000000e+00
4.891304347826086918e+00 -9.840372953438659698e-01 1.779623594256073138e-01 -5.529468695065363093e+00 1.686801449047588441e+00 1.630897431500668349e+00 5.236435828800389825e-01 -2.866819426599055420e-01 5.000000000000000000e+00 6.000000000000000000e+00
4.927536231884058537e+00 -9.769449678863806330e-01 2.134912872261506001e-01 -4.576041395317019145e+00 1.692819521373151392e+00 1.636817197904051113e+00 5.479855464383552865e-01 -1.027220724792181850e+00 4.000000000000000000e+00 7.000000000000000000e+00
4.963768115942029269e+00 -9.685702967787943596e-01 2.487399851206844037e-01 -3.893906708681599937e+00 1.698801593050698999e+00 1.642758451639251271e+00 6.186681287254409689e-01 1.096096638005835677e+00 1.000000000000000000e+00 3.000000000000000000e+00
5.000000000000000000e+00 -9.589242746631384540e-01 2.836621854632262463e-01 -3.380515006246585852e+00 1.704748092238425272e+00 1.648721270700128194e+00 4.202183778893807675e-01 -8.466978085159514444e-01 6.000000000000000000e+00 6.000000000000000000e+00
5.036231884057971619e+00 -9.480195629641761101e-01 3.182120491703804288e-01 -2.979206995573500105e+00 1.710659439501482471e+00 1.654705733363640130e+00 5.763286799768444491e-01 1.642214629991807451e+00 4.000000000000000000e+00 5.000000000000000000e+00
5.072463768115942351e+00 -9.358704752699428253e-01 3.523442258899830426e-01 -2.656125477595201456e+00 1.716536047990467440e+00 1.660711918190872272e+00 7.663761235529157334e-01 -8.997900290315838934e-01 5.000000000000000000e+00 3.000000000000000000e+00
5.108695652173913082e+00 -9.224929585436465462e-01 3.860139135282433243e-01 -2.389791989910101666e+00 1.722378323614695894e+00 1.666739904028067265e+00 6.848233487037764800e-01 -5.388003084572379198e-01 4.000000000000000000e+00 7.000000000000000000e+00
5.144927536231883813e+00 -9.079045721915914857e-01 4.191769170572292036e-01 -2.165922156604910498e+00 1.728186665210442730e+00 1.672789770007661048e+00 6.787329558352871439e-01 -1.645642200582898840e-02 2.000000000000000000e+00 6.000000000000000000e+00
5.181159420289855433e+00 -8.921244650145990773e-01 4.517897065255198630e-01 -1.974645398354613501e+00 1.733961464704326438e+00 1.678861595549321351e+00 9.631258511998981309e-01 -2.523946943242078023e-01 6.000000000000000000e+00 4.000000000000000000e+00
5.217391304347826164e+00 -8.751733500731816440e-01 4.838094741958700595e-01 -1.808921479943710331e+00 1.739703107272001725e+00 1.684955460360989976e+00 4.075412758373505584e-01 1.184662977485377633e+00 3.000000000000000000e+00 5.000000000000000000e+00
5.253623188405796895e+00 -8.570734774994565042e-01 5.151941907349001371e-01 -1.663593054643884406e+00 1.745411971492321968e+00 1.691071444439929516e+00 2.309646497297561663e-01 1.059664287106269587e+00 5.000000000000000000e+00 7.000000000000000000e+00
5.289855072463768515e+00 -8.378486052914942972e-01 5.459026603810407385e-01 -1.534794874798146136e+00 1.751088429497127175e+00 1.697209628073773624e+00 8.650563813473015617e-01 1.025110602279078353e+00 5.000000000000000000e+00 4.000000000000000000e+00
5.326086956521739246e+00 -8.175239681284336424e-01 5.758945750183273038e-01 -1.419572268244438051e+00 1.756732847116804219e+00 1.703370091841580392e+00 5.541234457802581836e-01 -5.756954273142717016e-02 5.000000000000000000e+00 6.000000000000000000e+00
5.362318840579709978e+00 -7.961262442472919476e-01 6.051305670850722906e-01 -1.315627217580910280e+00 1.762345584021761669e+00 1.709552916614891060e+00 2.512300088059381542e-01 -1.524251061157922693e-01 4.000000000000000000e+00 4.000000000000000000e+00
5.398550724637681597e+00 -7.736835204249574716e-01 6.335722612479529614e-01 -1.221144876041489136e+00 1.767926993859956886e+00 1.715758183558790506e+00 1.610347074884108665e-01 -2.962000230751748453e-01 5.000000000000000000e+00 5.000000000000000000e+00
5.434782608695652328e+00 -7.502252551113242074e-01 6.611823247736955400e-01 -1.134672278736588380e+00 1.773477424390605961e+00 1.721985974132974384e+00 5.293848398391272081e-01 2.876351478036117126e-01 3.000000000000000000e+00 1.000000000000000000e+00
5.471014492753623060e+00 -7.257822397619555499e-01 6.879245165322421807e-01 -1.055031798285879230e+00 1.778997217614203707e+00 1.728236370092816721e+00 8.439099084308709919e-01 1.897928521207126851e+00 5.000000000000000000e+00 5.000000000000000000e+00
5.507246376811594679e+00 -7.003865584210429152e-01 7.137637345670674316e-01 -9.812582574622701337e-01 1.784486709898975176e+00 1.734509453490443942e+00 8.911630233427114689e-03 -6.780569563855085580e-01 6.000000000000000000e+00 5.000000000000000000e+00
5.543478260869565410e+00 -6.740715456077035483e-01 7.386660621702080265e-01 -9.125524782163063620e-01 1.789946232103874157e+00 1.740805306675812458e+00 1.863989886699195520e-01 -1.349200306322984488e+00 1.000000000000000000e+01 8.000000000000000000e+00
5.579710144927536142e+00 -6.468717425608938587e-01 7.625988124015357084e-01 -8.482464593982249612e-01 1.795376109698243461e+00 1.747124012297788687e+00 1.516466168324572816e-01 7.753064645139173816e-02 9.000000000000000000e+00 5.000000000000000000e+00
5.615942028985507761e+00 -6.188228519003794448e-01 7.855305709938226189e-01 -7.877769176029252307e-01 1.800776662878243561e+00 1.753465653305235294e+00 4.041109393488069301e-01 -4.933656263101604544e-01 4.000000000000000000e+00 7.000000000000000000e+00
5.652173913043478493e+00 -5.899616907632709850e-01 8.074312375872899628e-01 -7.306649325658413074e-01 1.806148206680154633e+00 1.759830312948098774e+00 2.363179485042417038e-01 -1.987423505847116356e+00 4.000000000000000000e+00 5.000000000000000000e+00
5.688405797101449224e+00 -5.603261424776315724e-01 8.282720652395183514e-01 -6.765001090741813439e-01 1.811491051090649895e+00 1.766218074778503455e+00 5.286167305210408562e-01 -1.934388933130459121e+00 5.000000000000000000e+00 6.000000000000000000e+00
5.724637681159420843e+00 -5.299551068366019635e-01 8.480256981588505383e-01 -6.249281218566701268e-01 1.816805501154142632e+00 1.772629022651847297e+00 2.091886376766908251e-01 2.763405159130071898e+00 7.000000000000000000e+00 7.000000000000000000e+00
5.760869565217391575e+00 -4.988884490383077575e-01 8.666662076117609415e-01 -5.756408230258286407e-01 1.822091857077290600e+00 1.779063240727903894e+00 9.746217926980456081e-01 1.328027003557574082e+00 2.000000000000000000e+00 3.000000000000000000e+00
5.797101449275362306e+00 -4.671669473585642884e-01 8.841691259570650940e-01 -5.283683105908968392e-01 1.827350414330757511e+00 1.785520813471926038e+00 5.021750218217535533e-01 2.983443795576202207e-01 3.000000000000000000e+00 5.000000000000000000e+00
5.833333333333333925e+00 -4.348322396250763333e-01 9.005114787622866546e-01 -4.828725117671283096e-01 1.832581463748310213e+00 1.792001825655755498e+00 9.853779746877834311e-01 -7.547130078345950510e-01 5.000000000000000000e+00 3.000000000000000000e+00
5.869565217391304657e+00 -4.019267685633857168e-01 9.156718149600295842e-01 -4.389419462265860550e-01 1.837785291623337258e+00 1.798506362358935240e+00 8.931351213921349119e-01 4.289265793260125248e-01 7.000000000000000000e+00 5.000000000000000000e+00
5.905797101449275388e+00 -3.684937260862979902e-01 9.296302350047767060e-01 -3.963874153516581678e-01 1.842962179802870804e+00 1.805034508969826756e+00 1.770374008415837030e-01 8.802362604644360378e-01 7.000000000000000000e+00 3.000000000000000000e+00
5.942028985507247008e+00 -3.345769965999286777e-01 9.423684169931477728e-01 -3.550384229423527715e-01 1.848112405779186673e+00 1.811586351186730726e+00 9.855770229487400558e-01 -9.652009704539020740e-01 7.000000000000000000e+00 4.000000000000000000e+00
5.978260869565217739e+00 -3.002210994007789013e-01 9.538696407133354649e-01 -3.147401768403736977e-01 1.853236242779056075e+00 1.818161975019011889e+00 1.666197380024411201e-01 -3.352645400862745984e-01 1.000000000000000000e+01 2.000000000000000000e+00
6.014492753623188470e+00 -2.654711302394429095e-01 9.641188095921543466e-01 -2.753510538309522637e-01 1.858333959850724693e+00 1.824761466788229036e+00 5.155416227040148236e-01 -5.339267434939416468e-01 3.000000000000000000e+00 6.000000000000000000e+00
6.050724637681159201e+00 -2.303727021276665010e-01 9.731024705108899386e-01 -2.367404349582199752e-01 1.863405821948685093e+00 1.831384913129266545e+00 2.008578760729673451e-01 -5.829387817092049895e-01 4.000000000000000000e+00 6.000000000000000000e+00
6.086956521739130821e+00 -1.949718854664408696e-01 9.808088314639408223e-01 -1.987868371611506702e-01 1.868452090016309297e+00 1.838032400991473247e+00 2.581951165141426197e-01 5.672178767035429559e-02 5.000000000000000000e+00 6.000000000000000000e+00
6.123188405797101552e+00 -1.593151475737294986e-01 9.872277770370729844e-01 -1.613762814209661334e-01 1.873473021066409006e+00 1.844704017639803295e+00 2.227508491787619782e-01 -1.723805675869479970e+00 7.000000000000000000e+00 5.000000000000000000e+00
6.159420289855072284e+00 -1.234492916911910376e-01 9.923508816849729852e-01 -1.244008484998561925e-01 1.878468868259780766e+00 1.851399850655961021e+00 4.314971432549089547e-01 8.962661519927519471e-01 7.000000000000000000e+00 5.000000000000000000e+00
6.195652173913043903e+00 -8.742139554997450934e-02 9.961714207906663399e-01 -8.775738163677461456e-02 1.883439880981801151e+00 1.858119987939552686e+00 9.191663591993487481e-01 -7.663846773256735023e-01 3.000000000000000000e+00 8.000000000000000000e+00
6.231884057971014634e+00 -5.127874957621811336e-02 9.986843794922896089e-01 -5.134630182389271491e-02 1.888386304917126779e+00 1.864864517709237335e+00 4.202720405992930175e-01 4.820971767552138521e-01 3.000000000000000000e+00 3.000000000000000000e+00
6.268115942028985366e+00 -1.506879481735537950e-02 9.998864592656270256e-01 -1.507050593366645978e-02 1.893308382122554923e+00 1.871633528503888089e+00 1.065816621380555329e-01 5.125310729366978624e-01 3.000000000000000000e+00 6.000000000000000000e+00
6.304347826086956985e+00 2.116093932927715429e-02 9.997760822537727909e-01 2.116567870034910537e-02 1.898206351098102207e+00 1.878427109183751664e+00 8.881754131080225045e-01 -1.481425367011282690e+00 1.000000000000000000e+00 2.000000000000000000e+00
6.340579710144927716e+00 5.736289750380078878e-02 9.983533933382349179e-01 5.745750741828415525e-02 1.903080446856347585e+00 1.885245348931617215e+00 2.481528264350981727e-01 2.984526724885505078e-01 8.000000000000000000e+00 5.000000000000000000e+00
6.376811594202898448e+00 9.348956080524212231e-02 9.956202599487632421e-01 9.390082199618285386e-02 1.907930900990096879e+00 1.892088337253985397e+00 9.270517545396050885e-01 -1.157415389540043638e+00 2.000000000000000000e+00 6.000000000000000000e+00
6.413043478260870067e+00 1.294935091651163162e-01 9.915802696121499560e-01 1.305930675847017941e-01 1.912757941738412848e+00 1.898956163982243872e+00 6.663326630821818641e-01 -1.293539705162732645e+00 5.000000000000000000e+00 5.000000000000000000e+00
6.449275362318840799e+00 1.653274835912823537e-01 9.862387252432213147e-01 1.676343458836602740e-01 1.917561794051058088e+00 1.905848919273847475e+00 5.749868322626303652e-01 5.785526868855291882e-01 6.000000000000000000e+00 7.000000000000000000e+00
6.485507246376811530e+00 2.009444482003763244e-01 9.796026381842007913e-01 2.051285290256552873e-01 1.922342679651400044e+00 1.912766693613500157e+00 3.667585353506206403e-01 -6.000908930084246640e-01 5.000000000000000000e+00 4.000000000000000000e+00
6.521739130434783149e+00 2.362976519573831424e-01 9.716807190015799289e-01 2.431844610441415144e-01 1.927100817097816998e+00 1.919709577814344037e+00 5.501737872767742399e-01 1.098323639537154950e+00 8.000000000000000000e+00 5.000000000000000000e+00
6.557971014492753881e+00 2.713406900413144474e-01 9.624833660525792256e-01 2.819172773386833253e-01 1.931836421843651452e+00 1.926677663019151110e+00 9.498228715300275349e-01 9.029655897435692191e-01 6.000000000000000000e+00 5.000000000000000000e+00
6.594202898550724612e+00 3.060275647564520418e-01 9.520226518362027157e-01 3.214498774437823392e-01 1.936549706295749518e+00 1.933671040701519628e+00 5.514448237191692526e-01 2.089284279142432088e-01 3.000000000000000000e+00 5.000000000000000000e+00
6.630434782608696231e+00 3.403127459091880858e-01 9.403123071468055816e-01 3.619145929736906075e-01 1.941240879871629632e+00 1.940689802667075359e+00 1.689761096941346796e-01 6.172490658516908146e-01 6.000000000000000000e+00 4.000000000000000000e+00
6.666666666666666963e+00 3.741512305712199615e-01 9.273677030509752672e-01 4.034551012940049697e-01 1.945910149055313232e+00 1.947734041054675735e+00 3.674062724128720481e-01 -6.173953867442130150e-01 6.000000000000000000e+00 5.000000000000000000e+00
6.702898550724637694e+00 4.074986021506607492e-01 9.132058307113777307e-01 4.462286468683884788e-01 1.950557717451860240e+00 1.954803848337621330e+00 1.581820053367126722e-01 2.674285808556116084e+00 5.000000000000000000e+00 6.000000000000000000e+00
6.739130434782609314e+00 4.403110886935137080e-01 8.978452790840595332e-01 4.904086471810586989e-01 1.955183785840642452e+00 1.961899317324867553e+00 2.208483204995069782e-01 1.123093390715967921e+00 3.000000000000000000e+00 4.000000000000000000e+00
6.775362318840580045e+00 4.725456203389915011e-01 8.813062105184767958e-01 5.361877797967525838e-01 1.959788552227390790e+00 1.969020541162244786e+00 5.788541437883141239e-01 -3.061767058154760135e-01 6.000000000000000000e+00 5.000000000000000000e+00
6.811594202898550776e+00 5.041598858532706506e-01 8.636103342922761827e-01 5.837816730926764786e-01 1.964372211895048626e+00 1.976167613333679629e+00 9.684312895172318969e-01 1.520730185345605702e-02 6.000000000000000000e+00 5.000000000000000000e+00
6.847826086956522396e+00 5.351123881674613170e-01 8.447808781155715652e-01 6.334333577259952941e-01 1.968934957453466916e+00 1.983340627662423472e+00 1.441543138066675445e-01 3.589502371064252073e-01 4.000000000000000000e+00 8.000000000000000000e+00
6.884057971014493127e+00 5.653624988468985979e-01 8.248425576421178906e-01 6.854186821580049438e-01 1.973476978887967803e+00 1.990539678312283733e+00 1.496050880117053561e-01 1.270148253176532682e+00 4.000000000000000000e+00 4.000000000000000000e+00
6.920289855072463858e+00 5.948705114202674782e-01 8.038215440273974721e-01 7.400529580729823254e-01 1.977998463606813750e+00 1.997764859788859315e+00 9.085709070063934245e-01 1.305640651799583607e-01 4.000000000000000000e+00 7.000000000000000000e+00
6.956521739130435478e+00 6.235976934985453246e-01 7.817454295762108485e-01 7.976991868524279106e-01 1.982499596487605320e+00 2.005016266940782277e+00 3.461161738419482603e-04 1.403541219139499363e+00 2.000000000000000000e+00 4.000000000000000000e+00
6.992753623188406209e+00 6.515063376153590324e-01 7.586431915248575963e-01 8.587783359735217115e-01 1.986980559922641554e+00 2.012293994960962618e+00 2.560853864904351074e-01 6.549838245511224732e-01 5.000000000000000000e+00 4.000000000000000000e+00
7.028985507246376940e+00 6.785598107220296438e-01 7.345451540054452888e-01 9.237822985038701695e-01 1.991441533863266722e+00 2.019598139387836611e+00 3.955956520720479430e-01 -1.088165006166123883e+00 4.000000000000000000e+00 6.000000000000000000e+00
7.065217391304347672e+00 7.047226022723216410e-01 7.094829482422584377e-01 9.932904011551927370e-01 1.995882695863234746e+00 2.026928796106623576e+00 9.704254866836523608e-01 -3.870767204832319952e-01 2.000000000000000000e+00 5.000000000000000000e+00
7.101449275362319291e+00 7.299603708337946140e-01 6.834894710324285194e-01 1.067990659360371186e+00 2.000304221121111947e+00 2.034286061350582209e+00 4.433778502376333197e-01 1.479922623445608432e+00 8.000000000000000000e+00 7.000000000000000000e+00
7.137681159420290022e+00 7.542399891645643617e-01 6.565988415654095967e-01 1.148707462484043651e+00 2.004706282521749650e+00 2.041670031702275345e+00 5.875318374514807429e-01 -5.305331571706278782e-01 6.000000000000000000e+00 7.000000000000000000e+00
7.173913043478260754e+00 7.775295876963170816e-01 6.288463566379273173e-01 1.236438089350333280e+00 2.009089050676844845e+00 2.049080804094836950e+00 3.043027620186530280e-01 1.916532252143803738e+00 5.000000000000000000e+00 6.000000000000000000e+00
7.210144927536232373e+00 7.997985963664885345e-01 6.002684443232000344e-01 1.332401534563853129e+00 2.013452693964618234e+00 2.056518475813245317e+00 8.391618151105358914e-01 -2.136165728168265276e-01 6.000000000000000000e+00 4.000000000000000000e+00
7.246376811594203105e+00 8.210177847447046595e-01 5.709026161552404055e-01 1.438104786196062523e+00 2.017797378568629174e+00 2.063983144495599831e+00 8.232200804054445875e-02 -9.608283812754633280e-01 2.000000000000000000e+00 7.000000000000000000e+00
7.282608695652173836e+00 8.411593004008173224e-01 5.407874178909930496e-01 1.555434302967400928e+00 2.022123268515751970e+00 2.071474908134402604e+00 6.631526968031586922e-01 1.048418095430956987e+00 6.000000000000000000e+00 4.000000000000000000e+00
7.318840579710145455e+00 8.601967054641647126e-01 5.099623789149519970e-01 1.686784635553718825e+00 2.026430525713331932e+00 2.078993865077845005e+00 4.909201638766608200e-01 7.929573497030515394e-01 6.000000000000000000e+00 6.000000000000000000e+00
7.355072463768116187e+00 8.781050113260731038e-01 4.784679603526624248e-01 1.835243076002104345e+00 2.030719309985549614e+00 2.086540114031099069e+00 8.968659662906398600e-01 9.231179552851644099e-02 4.000000000000000000e+00 3.000000000000000000e+00
7.391304347826086918e+00 8.948607114400528584e-01 4.463455019612077579e-01 2.004861049362217429e+00 2.034989779109002139e+00 2.094113754057612908e+00 1.367358255408130940e-01 6.134215945440923967e-01 7.000000000000000000e+00 5.000000000000000000e+00
7.427536231884058537e+00 9.104418121766260086e-01 4.136371678664059193e-01 2.201063837838371118e+00 2.039242088847532663e+00 2.101714884580410558e+00 6.691809712286915790e-01 -2.452396019725796350e+00 7.000000000000000000e+00 4.000000000000000000e+00
7.463768115942029269e+00 9.248278616922921413e-01 3.803858912179349239e-01 2.431288549454715398e+00 2.043476392986320889e+00 2.109343605383398490e+00 6.628962900947346082e-01 9.500913735272767946e-01 8.000000000000000000e+00 5.000000000000000000e+00
7.500000000000000000e+00 9.379999767747388972e-01 3.466353178350258246e-01 2.706013866772690957e+00 2.047692843365255477e+00 2.117000016612674784e+00 1.539237217930320423e-01 -1.010703288486447526e-01 5.000000000000000000e+00 6.000000000000000000e+00
7.536231884057971619e+00 9.499408676290551634e-01 3.124297489167089936e-01 3.040494290069352790e+00 2.051891589911605251e+00 2.124684218777842748e+00 7.656529378055454416e-02 -9.963605903082272119e-01 5.000000000000000000e+00 6.000000000000000000e+00
7.572463768115942351e+00 9.606348605724160938e-01 2.778140828918048699e-01 3.457833564710024898e+00 2.056072780672006495e+00 2.132396312753332968e+00 4.084494966524969684e-01 8.478958728172149295e-02 6.000000000000000000e+00 4.000000000000000000e+00
7.608695652173913082e+00 9.700679186074516736e-01 2.428337564849800956e-01 3.994781996742091668e+00 2.060236561843785896e+00 2.140136399779725362e+00 2.156718843960612197e-01 -2.064740634786511597e-01 3.000000000000000000e+00 4.000000000000000000e+00
7.644927536231884702e+00 9.782276598472902096e-01 2.075346850762405104e-01 4.713562263040155464e+00 2.064383077805634237e+00 2.147904581465078344e+00 5.346037951103883579e-01 6.525201041671545577e-01 5.000000000000000000e+00 4.000000000000000000e+00
7.681159420289855433e+00 9.851033737680949809e-01 1.719632024321391672e-01 5.728570763020306877e+00 2.068512471147645471e+00 2.155700959786263748e+00 7.620009372073961451e-01 5.108603561128652881e-01 4.000000000000000000e+00 5.000000000000000000e+00
7.717391304347826164e+00 9.906860352677612225e-01 1.361659998877992328e-01 7.275575665614664622e+00 2.072624882700738080e+00 2.163525637090305320e+00 3.338847716419486300e-01 1.024601337956626557e+00 4.000000000000000000e+00 4.000000000000000000e+00
7.753623188405797784e+00 9.949683165123165418e-01 1.001900650595985015e-01 9.930808168658792567e+00 2.076720451565475134e+00 2.171378716095721195e+00 4.371763930868274306e-01 9.824302385736203291e-01 3.000000000000000000e+00 3.000000000000000000e+00
7.789855072463768515e+00 9.979445965544788688e-01 6.408262016895330260e-02 1.557278079334780863e+01 2.080799315140296368e+00 2.179260299893873931e+00 7.517496069288087668e-01 3.135678148551372946e-01 7.000000000000000000e+00 5.000000000000000000e+00
7.826086956521739246e+00 9.996109687117447073e-01 2.789106005815064626e-02 3.583983422027112908e+01 2.084861609149175177e+00 2.187170491950321871e+00 2.464236889717243972e-01 -8.764569153758726694e-01 8.000000000000000000e+00 6.000000000000000000e+00
7.862318840579710866e+00 9.999652456943229906e-01 -8.337110020395036361e-03 -1.199414717147923426e+02 2.088907467668718709e+00 2.195109396106178945e+00 5.182010288059277769e-01 -4.290634872615495810e-01 1.000000000000000000e+00 2.000000000000000000e+00
7.898550724637681597e+00 9.990069624761849232e-01 -4.455433675980990937e-02 -2.242221599800214804e+01 2.092937023154720855e+00 2.203077116579478467e+00 9.474561378267414291e-01 1.576759532249609519e+00 9.000000000000000000e+00 4.000000000000000000e+00
7.934782608695652328e+00 9.967373769054590493e-01 -8.071308121751344378e-02 -1.234914293780154892e+01 2.096950406468179207e+00 2.211073757966538711e+00 4.510862235511583496e-01 -5.811264997518598152e-01 2.000000000000000000e+00 3.000000000000000000e+00
7.971014492753623060e+00 9.931594680533732955e-01 -1.167658812151075171e-01 -8.505562221756909125e+00 2.100947746900799551e+00 2.219099425243338697e+00 3.443455133667383539e-02 2.682143475080405737e-01 1.000000000000000000e+00 4.000000000000000000e+00
8.007246376811593791e+00 9.882779323039082575e-01 -1.526654136375089066e-01 -6.473489369704198637e+00 2.104929172199984322e+00 2.227154223766893981e+00 4.093729569338769858e-01 8.727990012498534900e-02 4.000000000000000000e+00 2.000000000000000000e+00
8.043478260869566299e+00 9.820991771892960687e-01 -1.883645565495472296e-01 -5.213821512811863457e+00 2.108894808593331227e+00 2.235238259276641770e+00 9.103476741245113413e-01 -6.349367705248796234e-01 1.200000000000000000e+01 5.000000000000000000e+00
8.079710144927537030e+00 9.746313129794575980e-01 -2.238164510484842995e-01 -4.354600872338592055e+00 2.112844780812645595e+00 2.243351637895826922e+00 1.755162786625533711e-01 -2.872623720042549178e-01 4.000000000000000000e+00 6.000000000000000000e+00
8.115942028985507761e+00 9.658841420364129293e-01 -2.589745627712931597e-01 -3.729648702561607188e+00 2.116779212117480213e+00 2.251494466132897720e+00 5.547985640967916243e-01 9.871568359575199070e-01 8.000000000000000000e+00 5.000000000000000000e+00
8.152173913043478493e+00 9.558691459476454932e-01 -2.937927429759265574e-01 -3.253549207054340364e+00 2.120698224318215530e+00 2.259666850882900757e+00 5.972159160378529563e-01 -1.053303822656856292e+00 3.000000000000000000e+00 6.000000000000000000e+00
8.188405797101449224e+00 9.445994704553027921e-01 -3.282252891164262887e-01 -2.877899728561864823e+00 2.124601937798689111e+00 2.267868899428888252e+00 1.229051070328858186e-01 7.193869976509291719e-01 1.000000000000000000e+00 5.000000000000000000e+00
8.224637681159419955e+00 9.320899082010190018e-01 -3.622270048323508740e-01 -2.573220372214979346e+00 2.128490471538381890e+00 2.276100719443322262e+00 7.189312444381337208e-01 1.403275504347961000e+00 6.000000000000000000e+00 5.000000000000000000e+00
8.260869565217392463e+00 9.183568793090068905e-01 -3.957532592737829091e-01 -2.320528909841992782e+00 2.132363943134178541e+00 2.284362418989490440e+00 1.208659886271342687e-01 1.775549406022521204e+00 2.000000000000000000e+00 4.000000000000000000e+00
8.297101449275363194e+00 9.034184098329097745e-01 -4.287600456840359731e-01 -2.107048963463030944e+00 2.136222468821707743e+00 2.292654106522924895e+00 1.907128329074754269e-01 1.801662379395265967e+00 4.000000000000000000e+00 4.000000000000000000e+00
8.333333333333333925e+00 8.872941080946944448e-01 -4.612040391631892500e-01 -1.923864564813016376e+00 2.140066163496270768e+00 2.300975890892825060e+00 6.731680274708966571e-01 1.570180628065448669e+00 2.000000000000000000e+00 6.000000000000000000e+00
8.369565217391304657e+00 8.700051389466566532e-01 -4.930426535365967644e-01 -1.764563639080932722e+00 2.143895140733368176e+00 2.309327881343486322e+00 4.487662692523171071e-01 3.616743354635447161e-01 6.000000000000000000e+00 7.000000000000000000e+00
8.405797101449275388e+00 8.515741959903119218e-01 -5.242340972537496979e-01 -1.624415886817291321e+00 2.147709512808838817e+00 2.317710187515734432e+00 6.564429022434742356e-01 -1.104728523385290817e+00 9.000000000000000000e+00 5.000000000000000000e+00
8.442028985507246119e+00 8.320254717886420570e-01 -5.547374282441087656e-01 -1.499854578808975658e+00 2.151509390718613357e+00 2.326122919448367021e+00 2.919005106475135447e-01 -1.029504220841769957e+00 4.000000000000000000e+00 2.000000000000000000e+00
8.478260869565216851e+00 8.113846261107964253e-01 -5.845126076579042484e-01 -1.388138793724142728e+00 2.155294884198095229e+00 2.334566187579593777e+00 7.056025245488695141e-02 -1.864306556823451810e+00 1.300000000000000000e+01 6.000000000000000000e+00
8.514492753623189358e+00 7.896787522509284285e-01 -6.135205524213649397e-01 -1.287126811211661614e+00 2.159066101741174748e+00 2.343040102748489950e+00 6.717771304058915982e-01 -1.243405847326256142e+00 4.000000000000000000e+00 5.000000000000000000e+00
8.550724637681160090e+00 7.669363414653843636e-01 -6.417231865373818067e-01 -1.195120197547527185e+00 2.162823150618887080e+00 2.351544776196449416e+00 6.984452031304251296e-01 -9.281898724990486071e-01 6.000000000000000000e+00 4.000000000000000000e+00
8.586956521739130821e+00 7.431872455749078954e-01 -6.690834910642927680e-01 -1.110754121870112687e+00 2.166566136897721151e+00 2.360080319568646612e+00 1.566061224909357508e-01 2.171014118560608552e-01 9.000000000000000000e+00 4.000000000000000000e+00
8.623188405797101552e+00 7.184626377809707476e-01 -6.955655527071546995e-01 -1.032918658758617658e+00 2.170295165457587938e+00 2.368646844915499372e+00 7.749730289764156232e-02 1.369666646072756455e+00 6.000000000000000000e+00 6.000000000000000000e+00
8.659420289855072284e+00 6.927949717476462599e-01 -7.211346109577448926e-01 -9.607013187559247935e-01 2.174010340009451703e+00 2.377244464694142856e+00 1.596539733689460450e-01 -3.284141618423119247e-01 5.000000000000000000e+00 6.000000000000000000e+00
8.695652173913043015e+00 6.662179390027406223e-01 -7.457571037214064669e-01 -8.933444088943209849e-01 2.177711763112637477e+00 2.385873291769905258e+00 9.306149605801204983e-01 -1.509656356316799064e+00 7.000000000000000000e+00 3.000000000000000000e+00
8.731884057971015523e+00 6.387664247140963925e-01 -7.694007113708504209e-01 -8.302129375160034463e-01 2.181399536191822364e+00 2.394533439417787513e+00 5.993352327439185334e-01 9.126987409214875058e-01 4.000000000000000000e+00 5.000000000000000000e+00
8.768115942028986254e+00 6.104764618991234126e-01 -7.920343991690815821e-01 -7.707701364228252139e-01 2.185073759553706640e+00 2.403225021323952770e+00 6.381255150532094689e-02 -1.925833050978289940e+00 4.000000000000000000e+00 6.000000000000000000e+00
8.804347826086956985e+00 5.813851841276425070e-01 -8.136284580057823179e-01 -7.145585658995112777e-01 2.188734532403387778e+00 2.411948151587216316e+00 7.870535817064108208e-01 -1.202071226992035280e+00 8.000000000000000000e+00 8.000000000000000000e+00
8.840579710144927716e+00 5.515307767801509442e-01 -8.341545433936586873e-01 -6.611853656473696272e-01 2.192381952860431138e+00 2.420702944720546590e+00 7.876120476652818114e-01 7.219141300032054787e-01 9.000000000000000000e+00 6.000000000000000000e+00
8.876811594202898448e+00 5.209524269254682816e-01 -8.535857126735806322e-01 -6.103106216407413465e-01 2.196016117974651127e+00 2.429489515652564435e+00 5.467068459982872275e-01 -3.356976619755738106e-02 4.000000000000000000e+00 2.000000000000000000e+00
8.913043478260869179e+00 4.896902718835621227e-01 -8.718964603796731661e-01 -5.616381005496032808e-01 2.199637123741603251e+00 2.438307979729055663e+00 7.917806033999419402e-01 1.512340641546680020e-01 5.000000000000000000e+00 5.000000000000000000e+00
8.949275362318841687e+00 4.577853465410664513e-01 -8.890627517179401362e-01 -5.149078011158219059e-01 2.203245065117802604e+00 2.447158452714483623e+00 2.353966365830264529e-01 6.566755405117513655e-01 8.000000000000000000e+00 6.000000000000000000e+00
8.985507246376812418e+00 4.252795294886571598e-01 -9.050620541144713815e-01 -4.698899125814727795e-01 2.206840036035661257e+00 2.456041050793507985e+00 7.978508267404558207e-01 1.306672321927793812e+00 7.000000000000000000e+00 6.000000000000000000e+00
9.021739130434783149e+00 3.922154880509607366e-01 -9.198733667918355117e-01 -4.263798716326112070e-01 2.210422129418165849e+00 2.464955890572511521e+00 1.865683401507549632e-01 1.565188076394228786e-02 6.000000000000000000e+00 5.000000000000000000e+00
9.057971014492753881e+00 3.586366222811817606e-01 -9.334772483348188210e-01 -3.841942831718018758e-01 2.213991437193286504e+00 2.473903089081129547e+00 8.825912787444956109e-02 4.247691245001348759e-01 7.000000000000000000e+00 5.000000000000000000e+00
9.094202898550724612e+00 3.245870079939393027e-01 -9.458558422093412688e-01 -3.431675245941973040e-01 2.217548050308133512e+00 2.482882763773787360e+00 7.651500379690017173e-01 -4.131041939370120875e-01 3.000000000000000000e+00 8.000000000000000000e+00
9.130434782608695343e+00 2.901113389110957508e-01 -9.569929002010471031e-01 -3.031488936335353657e-01 2.221092058742862640e+00 2.491895032531242116e+00 1.197121170985742111e-01 6.867842626723339450e-01 5.000000000000000000e+00 3.000000000000000000e+00
9.166666666666667851e+00 2.552548679965159772e-01 -9.668738037428055154e-01 -2.640001901059007006e-01 2.224623551524333998e+00 2.500940013662128703e+00 9.266480583409736349e-01 9.407601934684214351e-01 7.000000000000000000e+00 5.000000000000000000e+00
9.202898550724638582e+00 2.200633480567702471e-01 -9.754855831031254976e-01 -2.255936447125388156e-01 2.228142616739529736e+00 2.510017825904514943e+00 1.342642597336396459e-01 2.321160099324162951e-01 6.000000000000000000e+00 7.000000000000000000e+00
9.239130434782609314e+00 1.845829716857241010e-01 -9.828169344103037108e-01 -1.878101253886869937e-01 2.231649341548739507e+00 2.519128588427458570e+00 1.598551331584906476e-01 -8.545575718619079497e-01 1.000000000000000000e+01 5.000000000000000000e+00
9.275362318840580045e+00 1.488603106318773794e-01 -9.888582344899500276e-01 -1.505375648802267929e-01 2.235143812198513213e+00 2.528272420832573530e+00 3.061451328526266780e-01 8.329926169258353719e-01 1.000000000000000000e+00 5.000000000000000000e+00
9.311594202898550776e+00 1.129422546680145106e-01 -9.936015534964230955e-01 -1.136695632877964268e-01 2.238626114034387715e+00 2.537449443155597617e+00 1.559574411577899777e-01 1.006109629939534011e+00 5.000000000000000000e+00 4.000000000000000000e+00
9.347826086956521507e+00 7.687595004341596372e-02 -9.970406653215917459e-01 -7.710412696017761303e-02 2.242096331513394603e+00 2.546659775867970321e+00 8.027002329001717840e-01 -1.014238814097104813e+00 2.000000000000000000e+00 5.000000000000000000e+00
9.384057971014492239e+00 4.070873759941695536e-02 -9.991710557672603965e-01 -4.074251086882900441e-02 2.245554548216351698e+00 2.555903539878412900e+00 7.206472568285788860e-01 -7.050434033511920884e-01 6.000000000000000000e+00 2.000000000000000000e+00
9.420289855072464746e+00 4.488090629541925669e-03 -9.999899284705326963e-01 -4.488135831934210625e-03 2.249000846859939173e+00 2.565180856534517773e+00 8.371001933989914434e-01 5.723635490708767204e-01 5.000000000000000000e+00 4.000000000000000000e+00
9.456521739130435478e+00 -3.173844743420975445e-02 -9.994962085743326341e-01 3.175444505135344847e-02 2.252435309308574052e+00 2.574491847624337915e+00 2.118139857770566792e-01 9.516086979351136010e-01 6.000000000000000000e+00 2.000000000000000000e+00
9.492753623188406209e+00 -6.792332542715992516e-02 -9.976905441382694084e-01 6.808055446273375555e-02 2.255858016586076431e+00 2.583836635377990021e+00 4.859408067207258153e-01 1.410569353893577293e+00 1.000000000000000000e+00 6.000000000000000000e+00
9.528985507246376940e+00 -1.040190468678800217e-01 -9.945753052879896527e-01 1.045863961379578239e-01 2.259269048887138975e+00 2.593215342469254558e+00 6.164049653326145739e-01 2.341174941891853434e-01 5.000000000000000000e+00 6.000000000000000000e+00
9.565217391304347672e+00 -1.399782323023507635e-01 -9.901545811041370104e-01 1.413700799588876733e-01 2.262668485588603229e+00 2.602628092017189587e+00 5.480160186690680169e-01 -7.155517888853677455e-01 4.000000000000000000e+00 9.000000000000000000e+00
9.601449275362318403e+00 -1.757536814945092896e-01 -9.844341742550014596e-01 1.785326902405799665e-01 2.266056405260539197e+00 2.612075007587745912e+00 4.835815974819080987e-01 -3.187385097978806536e-01 8.000000000000000000e+00 5.000000000000000000e+00
9.637681159420290911e+00 -2.112984353815552940e-01 -9.774215933799020872e-01 2.161794222807069676e-01 2.269432885677145073e+00 2.621556213195388452e+00 8.377573569114058483e-01 -3.928110275894196590e-01 3.000000000000000000e+00 4.000000000000000000e+00
9.673913043478261642e+00 -2.465658377126833112e-01 -9.691260432333055341e-01 2.544208149541241082e-01 2.272798003827458668e+00 2.631071833304725160e+00 6.084388245716870758e-01 1.533921503063936154e+00 1.000000000000000000e+00 8.000000000000000000e+00
9.710144927536232373e+00 -2.815095962903594318e-01 -9.595584126026089899e-01 2.933741110422046217e-01 2.276151835925890321e+00 2.640621992832141274e+00 5.002263461567690861e-01 -6.242952360865087202e-01 5.000000000000000000e+00 8.000000000000000000e+00
9.746376811594203105e+00 -3.160838437337221141e-01 -9.487312600154566011e-01 3.331647823310602274e-01 2.279494457422579945e+00 2.650206817147437111e+00 4.739567046282033846e-02 2.519088038561880238e-01 4.000000000000000000e+00 6.000000000000000000e+00
9.782608695652173836e+00 -3.502431976843751738e-01 -9.366587972553419572e-01 3.739282636437947227e-01 2.282825943013583547e+00 2.659826432075476976e+00 4.394821874844770937e-01 1.206596531319660492e+00 7.000000000000000000e+00 6.000000000000000000e+00
9.818840579710144567e+00 -3.839428203755353430e-01 -9.233568707071385662e-01 4.158119493728342220e-01 2.286146366650885664e+00 2.669480963897838066e+00 5.918126432017661864e-01 -4.598246737086453817e-01 8.000000000000000000e+00 5.000000000000000000e+00
9.855072463768117075e+00 -4.171384774863475253e-01 -9.088429405570425113e-01 4.589775184155333587e-01 2.289455801552252812e+00 2.679170539354470026e+00 1.917047868044002845e-01 3.384171486302673393e-01 3.000000000000000000e+00 4.000000000000000000e+00
9.891304347826087806e+00 -4.497865962041053267e-01 -8.931360578742328915e-01 5.036036696073489249e-01 2.292754320210918184e+00 2.688895285645357180e+00 7.695938483921703765e-01 -1.001512222035158439e+00 4.000000000000000000e+00 5.000000000000000000e+00
9.927536231884058537e+00 -4.818443224181883089e-01 -8.762568396043234342e-01 5.498893710613051988e-01 2.296041994405109588e+00 2.698655330432190080e+00 9.695449711459718234e-01 1.488312232647553968e-01 4.000000000000000000e+00 5.000000000000000000e+00
9.963768115942029269e+00 -5.132695769706105970e-01 -8.582274415074423457e-01 5.980577550271207743e-01 2.299318895207424607e+00 2.708450801840041500e+00 5.769660640173136512e-01 3.757026717905581625e-01 1.000000000000000000e+00 7.000000000000000000e+00
1.000000000000000000e+01 -5.440211108893697745e-01 -8.390715290764524381e-01 6.483608274590866305e-01 2.302585092994045901e+00 2.718281828459045091e+00 1.586380859564640033e-01 -3.965332941308616910e-01 5.000000000000000000e+00 3.000000000000000000e+00
