X Y1 Y2 Y3 Y4 Y5 Y6 Y7 Y8 Y9 Y10
0.000000000000000000e+00 7.071067811865475727e-01 7.071067811865475727e-01 9.999999999999998890e-01 6.931471805599452862e-01 1.105170918075647712e+00 5.546944883380027225e-01 -1.095690433739286096e+00 6.000000000000000000e+00 1.000000000000000000e+01
3.623188405797101580e-02 7.322569108303849106e-01 6.810284990667730964e-01 1.075222126289591573e+00 7.093200398055462541e-01 1.109182423363751502e+00 5.113420988698180736e-02 2.811743979258332082e+00 3.000000000000000000e+00 1.400000000000000000e+01
7.246376811594203160e-02 7.564458757917554843e-01 6.540562949759325395e-01 1.156545516956748454e+00 7.252354951114458048e-01 1.113208489453640260e+00 4.488668423238892924e-01 1.758915777021331728e+00 5.000000000000000000e+00 8.000000000000000000e+00
1.086956521739130543e-01 7.796419254944852995e-01 6.262255727860779331e-01 1.244985767709641644e+00 7.409016118558451325e-01 1.117249169197531034e+00 1.522511848191248296e+00 2.267164825798794858e+00 7.000000000000000000e+00 1.200000000000000000e+01
1.449275362318840632e-01 8.018146126687468733e-01 5.975728632651146066e-01 1.341785515974844412e+00 7.563260821814767887e-01 1.121304515639481858e+00 2.867845685633696462e-01 1.364282888606779265e+00 7.000000000000000000e+00 1.100000000000000000e+01
1.811594202898550721e-01 8.229348333163233331e-01 5.681357761263017281e-01 1.448482683008115224e+00 7.715162476754521270e-01 1.125374582016087865e+00 7.632373787843795832e-01 -3.799099035157176701e-02 1.000000000000000000e+01 8.000000000000000000e+00
2.173913043478261087e-01 8.429748649126849180e-01 5.379529506615244872e-01 1.567004816826588431e+00 7.864791203521644958e-01 1.129459421757180504e+00 1.819514255442712392e+00 3.058516749300213888e+00 1.000000000000000000e+01 1.200000000000000000e+01
2.536231884057971175e-01 8.619084027957369942e-01 5.070640050231346452e-01 1.699801986055809122e+00 8.012214020893678734e-01 1.133559088486528532e+00 6.823739901321888013e-01 -4.671847756652322547e-01 7.000000000000000000e+00 6.000000000000000000e+00
2.898550724637681264e-01 8.797105946934721254e-01 4.755094842209328654e-01 1.850037956939546424e+00 8.157495026522777470e-01 1.137673636022542123e+00 1.151023519820765451e+00 3.186604116263547670e+00 7.000000000000000000e+00 1.200000000000000000e+01
3.260869565217391353e-01 8.963580733452068960e-01 4.433308069025529430e-01 2.021871837889741563e+00 8.300695564270262894e-01 1.141803118378979187e+00 1.613322077023924273e-01 1.646214800879226337e+00 7.000000000000000000e+00 1.000000000000000000e+01
3.623188405797101441e-01 9.118289871735841823e-01 4.105702109871045558e-01 2.220884425544023433e+00 8.441874379728112610e-01 1.145947589765655028e+00 1.074489707774130220e+00 -2.453207475675061477e+00 3.000000000000000000e+00 1.000000000000000000e+01
3.985507246376811530e-01 9.261030289670812987e-01 3.772706982234338979e-01 2.454744122265780426e+00 8.581087764914192562e-01 1.150107104589153328e+00 9.236116867815173936e-01 -3.289103659513882838e-01 5.000000000000000000e+00 1.100000000000000000e+01
4.347826086956522174e-01 9.391614625353734702e-01 3.434759777457780938e-01 2.734285724140186336e+00 8.718389693033211651e-01 1.154281717453540690e+00 1.133527906707961774e+00 -2.442473413074096822e+00 7.000000000000000000e+00 1.200000000000000000e+01
4.710144927536232262e-01 9.509871473025662825e-01 3.092304087009023483e-01 3.075335156389460423e+00 8.853831944110783780e-01 1.158471483161082949e+00 8.993951095333720946e-01 2.047964364811585489e-02 1.100000000000000000e+01 1.400000000000000000e+01
5.072463768115942351e-01 9.615645608060157112e-01 2.745789420220240418e-01 3.501960324142003866e+00 8.987464222232455224e-01 1.162676456712965933e+00 5.676139098860679688e-01 4.630057366797584173e+00 5.000000000000000000e+00 1.400000000000000000e+01
5.434782608695651884e-01 9.708798190712027987e-01 2.395670614259573228e-01 4.052643185971838591e+00 9.119334265051992627e-01 1.166896693310015776e+00 1.610517786539763518e+00 8.276535888204215041e-01 8.000000000000000000e+00 1.000000000000000000e+01
5.797101449275362528e-01 9.789206948359192584e-01 2.042407237109214735e-01 4.792975059280858652e+00 9.249487946172696429e-01 1.171132248353424554e+00 3.123178319517698753e-01 3.757563666443048955e+00 4.000000000000000000e+00 9.000000000000000000e+00
6.159420289855073172e-01 9.856766335998431439e-01 1.686462984333798043e-01 5.844638410425675445e+00 9.377969370951186878e-01 1.175383177445477711e+00 2.584536196367059890e-01 2.269889821561696941e+00 7.000000000000000000e+00 9.000000000000000000e+00
6.521739130434782705e-01 9.911387674784370994e-01 1.328305070430910173e-01 7.461680223481384822e+00 9.504820966224343248e-01 1.179649536390283027e+00 9.403537999177344897e-01 -7.575191439168320606e-01 3.000000000000000000e+00 9.000000000000000000e+00
6.884057971014493349e-01 9.952999268429857382e-01 9.684036155626089826e-02 1.027773864996105857e+01 9.630083564416146436e-01 1.183931381194504695e+00 8.377880592675361893e-01 -1.855268680794375458e+00 5.000000000000000000e+00 1.100000000000000000e+01
7.246376811594202882e-01 9.981546497314915944e-01 6.072310284729703217e-02 1.643780707717775158e+01 9.753796482441616789e-01 1.188228768068096741e+00 3.762901880023037382e-01 -2.915580626776043793e+00 5.000000000000000000e+00 1.200000000000000000e+01
7.608695652173913526e-01 9.996991890180783047e-01 2.452613864016276943e-02 4.076056176984261725e+01 9.875997595789369754e-01 1.192541753425042206e+00 1.486801481594254737e+00 1.536879665534333916e-01 7.000000000000000000e+00 1.000000000000000000e+01
7.971014492753623060e-01 9.999315173314902161e-01 -1.170301871927848479e-02 -8.544218729517147892e+01 9.996723408132061062e-01 1.196870393884093664e+00 5.108476567433606341e-01 -1.051647380925616382e+00 1.000000000000000000e+01 1.100000000000000000e+01
8.333333333333333703e-01 9.988513297162308069e-01 -4.791681462824425031e-02 -2.084552859921253187e+01 1.011600911678479875e+00 1.201214746269515743e+00 4.300967845546028734e-01 1.216044001087638771e+00 8.000000000000000000e+00 1.000000000000000000e+01
8.695652173913044347e-01 9.964600440328501563e-01 -8.406771464748066802e-02 -1.185306449938938655e+01 1.023388867430522042e+00 1.205574867611831635e+00 1.432546326805078207e+00 -1.372479572694875083e+00 1.000000000000000000e+01 1.100000000000000000e+01
9.057971014492753881e-01 9.927607990968522200e-01 -1.201082668952454385e-01 -8.265549281155694317e+00 1.035039484650497332e+00 1.209950815148571834e+00 1.353665358428147725e+00 1.952878522355029345e+00 1.000000000000000000e+01 1.300000000000000000e+01
9.420289855072464524e-01 9.877584505586671781e-01 -1.559911643329232322e-01 -6.332143585072225633e+00 1.046555926712056550e+00 1.214342646325025088e+00 1.117661328152659284e+00 1.014754093913309063e+00 1.000000000000000000e+01 1.300000000000000000e+01
9.782608695652174058e-01 9.814595645300973059e-01 -1.916693068605190287e-01 -5.120588061834657090e+00 1.057941248937181999e+00 1.218750418794992907e+00 4.147596451816326635e-01 2.064664701285762849e+00 5.000000000000000000e+00 1.000000000000000000e+01
1.014492753623188470e+00 9.738724089655993454e-01 -2.270958631405258776e-01 -4.288375822869884502e+00 1.069198403461816493e+00 1.223174190421546292e+00 1.203903442835230209e+00 -1.290916112271720984e+00 3.000000000000000000e+00 1.000000000000000000e+01
1.050724637681159424e+00 9.650069428097202140e-01 -2.622243320690079704e-01 -3.680081612547554393e+00 1.080330243830660564e+00 1.227614019277785129e+00 3.470931303413684610e-01 6.164024646026062815e-01 0.000000000000000000e+00 1.300000000000000000e+01
1.086956521739130377e+00 9.548748029249279901e-01 -2.970086038132226380e-01 -3.214973541727472295e+00 1.091339529339029779e+00 1.232069963647600908e+00 8.531936844577645562e-01 -1.161472612177788744e+00 1.000000000000000000e+01 1.300000000000000000e+01
1.123188405797101552e+00 9.434892888169986724e-01 -3.314030203356543858e-01 -2.846954405730538706e+00 1.102228929138298286e+00 1.236542082026441669e+00 7.980127183002843072e-01 2.739785061590641391e+00 1.000000000000000000e+01 1.000000000000000000e+01
1.159420289855072506e+00 9.308653451780073418e-01 -3.653624353250198853e-01 -2.547786130092783541e+00 1.113001026120209458e+00 1.241030433122079613e+00 1.427417946860690456e+00 2.062602844021347526e+00 6.000000000000000000e+00 1.000000000000000000e+01
1.195652173913043459e+00 9.170195422698386167e-01 -3.988422734555800986e-01 -2.299203477918117411e+00 1.123658320594197457e+00 1.245535075855382479e+00 1.183005946624986260e+00 -1.908363261774210784e+00 5.000000000000000000e+00 1.200000000000000000e+01
1.231884057971014634e+00 9.019700541739641420e-01 -4.317985888969719244e-01 -2.088867535389691277e+00 1.134203233770812336e+00 1.250056069361086264e+00 1.380762402584540194e+00 2.456271518692894062e+00 5.000000000000000000e+00 1.000000000000000000e+01
1.268115942028985588e+00 8.857366349360382696e-01 -4.641881229977596335e-01 -1.908141529377978651e+00 1.144638111063391861e+00 1.254593472988572156e+00 1.463935425721472505e+00 6.972459761432245884e-01 1.200000000000000000e+01 1.300000000000000000e+01
1.304347826086956541e+00 8.683405926366213334e-01 -4.959683610669951004e-01 -1.750798358928638443e+00 1.154965225219241498e+00 1.259147346302645243e+00 7.710743994652657918e-02 2.174873826640816576e-01 1.300000000000000000e+01 1.200000000000000000e+01
1.340579710144927494e+00 8.498047614220706203e-01 -5.270975881792455686e-01 -1.612234205733236614e+00 1.165186779290779517e+00 1.263717749084316555e+00 1.964644885724703860e+00 -2.047216379992210733e+00 8.000000000000000000e+00 1.100000000000000000e+01
1.376811594202898670e+00 8.301534715323064528e-01 -5.575349439298492582e-01 -1.488971194667860987e+00 1.175304909456364122e+00 1.268304741331587548e+00 9.915320702202625736e-01 -1.098282483748469929e+00 9.000000000000000000e+00 8.000000000000000000e+00
1.413043478260869623e+00 8.094125173647965799e-01 -5.872404760685207004e-01 -1.378332302268538312e+00 1.185321687699835369e+00 1.272908383260238807e+00 8.309414532236172324e-01 -1.895562238667916510e+00 5.000000000000000000e+00 1.000000000000000000e+01
1.449275362318840576e+00 7.876091236166821163e-01 -6.161751929409053918e-01 -1.278222707826892623e+00 1.195239124357181382e+00 1.277528735304618746e+00 9.764471837776995677e-01 -7.901832891878362020e-01 6.000000000000000000e+00 1.000000000000000000e+01
1.485507246376811752e+00 7.647719095494800445e-01 -6.443011146692531055e-01 -1.186979026013434080e+00 1.205059170538156810e+00 1.282165858118438972e+00 1.040229038264708805e+00 -3.493565645499697503e+00 9.000000000000000000e+00 1.000000000000000000e+01
1.521739130434782705e+00 7.409308514232737508e-01 -6.715813230050271532e-01 -1.103263039102901688e+00 1.214783720430151481e+00 1.286819812575568767e+00 1.553748786421927930e+00 3.564711028153985772e+00 4.000000000000000000e+00 8.000000000000000000e+00
1.557971014492753659e+00 7.161172431497011548e-01 -6.979800097880108911e-01 -1.025985319217378233e+00 1.224414613491112913e+00 1.291490659770835325e+00 1.351273647427442270e-02 5.884093783611111128e+00 4.000000000000000000e+00 9.000000000000000000e+00
1.594202898550724612e+00 6.903636552153833428e-01 -7.234625239483073456e-01 -9.542493665707983963e-01 1.233953636537871823e+00 1.296178461020825123e+00 1.860150930644592471e+00 -1.777494677312148053e+00 7.000000000000000000e+00 1.000000000000000000e+01
1.630434782608695787e+00 6.637038919297132411e-01 -7.479954169895371985e-01 -8.873101049214009439e-01 1.243402525735804343e+00 1.300883277864689713e+00 1.542299171979831796e+00 2.353138314506240558e+00 5.000000000000000000e+00 1.000000000000000000e+01
1.666666666666666741e+00 6.361729470531241049e-01 -7.715464868935266729e-01 -8.245426009449460247e-01 1.252762968495368057e+00 1.305605172064952191e+00 9.491439449665275419e-01 2.182135807420456874e+00 7.000000000000000000e+00 9.000000000000000000e+00
1.702898550724637694e+00 6.078069578640756809e-01 -7.940848203888660750e-01 -7.654181798443528972e-01 1.262036605280697055e+00 1.310344205608319212e+00 1.155344379780952391e+00 -1.506931099909233351e+00 6.000000000000000000e+00 1.100000000000000000e+01
1.739130434782608869e+00 5.786431577250503722e-01 -8.155808335278499355e-01 -7.094859686955740097e-01 1.271225031335103450e+00 1.315100440706494567e+00 1.474926692601429057e+00 1.722849057212998636e+00 4.000000000000000000e+00 1.100000000000000000e+01
1.775362318840579823e+00 5.487198272098272600e-01 -8.360063105185374654e-01 -6.563584751764383052e-01 1.280329798328022628e+00 1.319873939796995188e+00 2.612830525167368911e-01 1.285352679850222835e+00 1.000000000000000000e+01 9.000000000000000000e+00
1.811594202898550776e+00 5.180762438561775651e-01 -8.553344407609659861e-01 -6.057002023620846609e-01 1.289352415927659923e+00 1.324664765543971390e+00 5.015202157754590218e-01 4.330320628943333361e+00 9.000000000000000000e+00 1.100000000000000000e+01
1.847826086956521729e+00 4.867526306099388966e-01 -8.735398540389009980e-01 -5.572185726379721427e-01 1.298294353303321325e+00 1.329472980839029539e+00 7.819781409368982139e-01 8.260834568128797573e-01 6.000000000000000000e+00 1.200000000000000000e+01
1.884057971014492905e+00 4.547901030281426005e-01 -8.905986538209292869e-01 -5.106566252676890683e-01 1.307157040561166772e+00 1.334298648802056730e+00 6.326867991329501173e-01 -4.250432127477701272e+00 6.000000000000000000e+00 1.200000000000000000e+01
1.920289855072463858e+00 4.222306153104976034e-01 -9.064884486271839181e-01 -4.657870885723228160e-01 1.315941870116899670e+00 1.339141832782050789e+00 1.118868658097046831e+00 7.605946705097422766e-01 4.000000000000000000e+00 9.000000000000000000e+00
1.956521739130434812e+00 3.891169052300585962e-01 -9.211883814205331644e-01 -4.224075260589095770e-01 1.324650198008683999e+00 1.344002596357950940e+00 1.654292263314400602e+00 1.368268937021475562e+00 8.000000000000000000e+00 1.100000000000000000e+01
1.992753623188405765e+00 3.554924380353793323e-01 -9.346791569836475633e-01 -3.803363275828335888e-01 1.333283345153386978e+00 1.348881003339472917e+00 4.822960851300575058e-01 -2.948540145781823330e-01 4.000000000000000000e+00 8.000000000000000000e+00
2.028985507246376940e+00 3.214013493977748714e-01 -9.469430672460141807e-01 -3.394093694909277592e-01 1.341842598549056742e+00 1.353777117767946292e+00 8.893010170813986370e-02 -1.214446763820716368e+00 7.000000000000000000e+00 1.100000000000000000e+01
2.065217391304348116e+00 2.868883874785813637e-01 -9.579640145276540064e-01 -2.994772070013905774e-01 1.350329212426375491e+00 1.358691003917154916e+00 1.801584507804599777e+00 2.348187805965442188e+00 8.000000000000000000e+00 1.300000000000000000e+01
2.101449275362318847e+00 2.519988541924598202e-01 -9.677275326690294444e-01 -2.604026915483507731e-01 1.358744409351660076e+00 1.363622726294181575e+00 1.600952787989259773e+00 -3.637617322108084750e+00 6.000000000000000000e+00 9.000000000000000000e+00
2.137681159420290022e+00 2.167785457438374808e-01 -9.762208060194101922e-01 -2.220589280695245415e-01 1.367089381283840499e+00 1.368572349640254426e+00 1.553558089446416934e+00 -2.256094228020414150e+00 1.000000000000000000e+01 9.000000000000000000e+00
2.173913043478260754e+00 1.812736925145467526e-01 -9.834326862587705609e-01 -1.843275041062121256e-01 1.375365290587700295e+00 1.373539938931595872e+00 7.732358478389429468e-01 8.524015233286947879e-01 7.000000000000000000e+00 1.100000000000000000e+01
2.210144927536231929e+00 1.455308983815531698e-01 -9.893537070311396731e-01 -1.470969354511880711e-01 1.383573271005529959e+00 1.378525559380277210e+00 6.099784581811917850e-01 2.516670741610810058e+00 7.000000000000000000e+00 1.200000000000000000e+01
2.246376811594203105e+00 1.095970795444384943e-01 -9.939760963701944618e-01 -1.102612828866463834e-01 1.391714428589230002e+00 1.383529276435073951e+00 1.961005891410023905e+00 2.248059666200152407e+00 1.000000000000000000e+00 7.000000000000000000e+00
2.282608695652173836e+00 7.351940294292275135e-02 -9.972937869007889589e-01 -7.371890200117779679e-02 1.399789842594775235e+00 1.388551155782324242e+00 1.363817642861957280e+00 2.550532844076779160e+00 4.000000000000000000e+00 1.000000000000000000e+01
2.318840579710145011e+00 3.734522434526337670e-02 -9.993024238030256967e-01 -3.737129367017782977e-02 1.407800566340854376e+00 1.393591263346792841e+00 1.897691070248792578e+00 1.351235939366999039e+00 1.000000000000000000e+01 1.200000000000000000e+01
2.355072463768116187e+00 1.122026188800846844e-03 -9.999993705284176970e-01 -1.122026895084891765e-03 1.415747628033386052e+00 1.398649665292534428e+00 1.189200972604106843e+00 1.172657851343531288e+00 3.000000000000000000e+00 9.000000000000000000e+00
2.391304347826086918e+00 -3.510264474576620108e-02 -9.993837122606373802e-01 3.512429141591963400e-02 1.423632031557535038e+00 1.403726428023764683e+00 4.211336916189571955e-01 -1.984488808301689833e+00 1.100000000000000000e+01 1.000000000000000000e+01
2.427536231884058093e+00 -7.128123974456335166e-02 -9.974562571163099189e-01 7.146302330153361804e-02 1.431454757238743936e+00 1.408821618185729152e+00 1.467077219154907963e+00 1.179909250298876389e+00 1.000000000000000000e+01 1.200000000000000000e+01
2.463768115942029269e+00 -1.073662705732563033e-01 -9.942195350842741863e-01 1.079905059038650667e-01 1.439216762574233144e+00 1.413935302665581206e+00 1.844496388291492872e+00 -5.863010216472002156e-01 7.000000000000000000e+00 1.100000000000000000e+01
2.500000000000000000e+00 -1.433103718103848900e-01 -9.896777947047055157e-01 1.448050795695027260e-01 1.446918982936325371e+00 1.419067548593257122e+00 1.099922121586348389e+00 3.627293063505353521e-01 4.000000000000000000e+00 1.100000000000000000e+01
2.536231884057971175e+00 -1.790663630194923028e-01 -9.838369974924562333e-01 1.820081613884065308e-01 1.454562332248893419e+00 1.424218423342360040e+00 1.595801269299904179e+00 -4.001140028278896144e-01 8.000000000000000000e+00 9.000000000000000000e+00
2.572463768115941907e+00 -2.145873106784374484e-01 -9.767048101119374381e-01 2.197053894449892131e-01 1.462147703638150054e+00 1.429387994531041706e+00 4.862748102015845841e-01 1.250714435884874298e+00 5.000000000000000000e+00 8.000000000000000000e+00
2.608695652173913082e+00 -2.498265897846127515e-01 -9.682905943138097049e-01 2.580078658738343411e-01 1.469675970058941683e+00 1.434576330022892865e+00 2.980847641368855605e-01 3.441911822239426044e+00 5.000000000000000000e+00 1.200000000000000000e+01
2.644927536231884257e+00 -2.847379450551907887e-01 -9.586053946466956965e-01 2.970335308410548270e-01 1.477147984897642541e+00 1.439783497927831890e+00 7.960879704368695187e-01 8.595333156807113406e-01 5.000000000000000000e+00 9.000000000000000000e+00
2.681159420289854989e+00 -3.192755516420792139e-01 -9.476619239600406752e-01 3.369087050663669425e-01 1.484564582552692302e+00 1.445009566603000284e+00 1.134198794600232540e+00 -8.996747811627225921e-01 8.000000000000000000e+00 9.000000000000000000e+00
2.717391304347826164e+00 -3.533940752818839903e-01 -9.354745467171525775e-01 3.777698458200116072e-01 1.491926578993761243e+00 1.450254604653659296e+00 4.051000359114265148e-01 -3.234941910039077051e+00 2.000000000000000000e+00 1.200000000000000000e+01
2.753623188405797340e+00 -3.870487318019250611e-01 -9.220592601403239108e-01 4.197655709710262362e-01 1.499234772300485963e+00 1.455518680934091202e+00 9.936388171162051641e-01 1.929278974396247737e+00 1.000000000000000000e+01 8.000000000000000000e+00
2.789855072463768071e+00 -4.201953459042032657e-01 -9.074336732127846750e-01 4.630590183153490136e-01 1.506489943181657853e+00 1.460801864548502582e+00 7.619047312732045718e-01 6.070478041552172854e+00 9.000000000000000000e+00 1.100000000000000000e+01
2.826086956521739246e+00 -4.527904091501546713e-01 -8.916169835650482600e-01 5.078306240194236931e-01 1.513692855475715859e+00 1.466104224851931370e+00 1.617976397419910617e+00 1.139873253362968075e+00 7.000000000000000000e+00 1.100000000000000000e+01
2.862318840579710422e+00 -4.847911370700778155e-01 -8.746299522759902745e-01 5.542814258859289911e-01 1.520844256633341107e+00 1.471425831451158350e+00 1.843910170378985969e+00 -5.005219541685191897e-01 8.000000000000000000e+00 1.200000000000000000e+01
2.898550724637681153e+00 -5.161555253222790407e-01 -8.564948766217356235e-01 6.026370261059192934e-01 1.527944878182917465e+00 1.476766754205619536e+00 6.851163456605444679e-01 1.136818043261452055e-01 7.000000000000000000e+00 1.100000000000000000e+01
2.934782608695652328e+00 -5.468424048282165550e-01 -8.372355608081234468e-01 6.531523867672185402e-01 1.534995436179584338e+00 1.482127063228324548e+00 1.201114521870174423e+00 5.610304923664707344e-01 6.000000000000000000e+00 1.200000000000000000e+01
2.971014492753623504e+00 -5.768114958112707802e-01 -8.168772847251687397e-01 7.061176832764226585e-01 1.541996631638567816e+00 1.487506828886775434e+00 1.159469608815510977e+00 4.418391785265916583e-01 9.000000000000000000e+00 1.000000000000000000e+01
3.007246376811594235e+00 -6.060234606682142200e-01 -7.954467707645317409e-01 7.618655112343266644e-01 1.548949150953449427e+00 1.492906121803892816e+00 8.750028492151549209e-01 3.335994344125550626e+00 1.100000000000000000e+01 1.100000000000000000e+01
3.043478260869565410e+00 -6.344399556039795884e-01 -7.729721487435498029e-01 8.207798387500100379e-01 1.555853666299993998e+00 1.498325012858940708e+00 1.850728511087557315e+00 -9.793143358477244265e-01 8.000000000000000000e+00 1.100000000000000000e+01
3.079710144927536142e+00 -6.620236809619459706e-01 -7.494829189818774662e-01 8.833072298182071957e-01 1.562710836026131256e+00 1.503763573188457547e+00 3.467870194335835876e-01 -1.067191140707035579e-02 5.000000000000000000e+00 1.100000000000000000e+01
3.115942028985507317e+00 -6.887384301836880773e-01 -7.250099135791930882e-01 9.499710518212891586e-01 1.569521305028657832e+00 1.509221874187191004e+00 1.342699524057766158e+00 -1.897363669259273022e+00 1.200000000000000000e+01 1.300000000000000000e+01
3.152173913043478493e+00 -7.145491373339125651e-01 -6.995852559448072494e-01 1.021389646596962963e+00 1.576285705117199898e+00 1.514699987509034340e+00 7.501262702060853549e-01 3.487085340999622196e-01 7.000000000000000000e+00 1.100000000000000000e+01
3.188405797101449224e+00 -7.394219231282104232e-01 -6.732423186322877839e-01 1.098299828552620427e+00 1.583004655365944924e+00 1.520197985067967217e+00 8.039050223291834829e-01 4.372808179087541158e-01 4.000000000000000000e+00 1.100000000000000000e+01
3.224637681159420399e+00 -7.633241394032037608e-01 -6.460156795344509373e-01 1.181587635695298788e+00 1.589678762453638150e+00 1.525715939038999380e+00 6.220844805972669533e-02 2.438185071296924133e-01 8.000000000000000000e+00 1.000000000000000000e+01
3.260869565217391575e+00 -7.862244119707118006e-01 -6.179410764962209868e-01 1.272329097182973712e+00 1.596308620992307636e+00 1.531253921859119682e+00 1.032218165042924962e+00 -2.352131626943818166e+00 8.000000000000000000e+00 1.100000000000000000e+01
3.297101449275362306e+00 -8.080926817996967326e-01 -5.890553604049232339e-01 1.371845052465365589e+00 1.602894813845164412e+00 1.536812006228244654e+00 9.597800112324832433e-01 1.458655573977868825e+00 6.000000000000000000e+00 6.000000000000000000e+00
3.333333333333333481e+00 -8.289002444719204554e-01 -5.593964468195972151e-01 1.481776026974366944e+00 1.609437912434100282e+00 1.542390265110174630e+00 1.861301555038096689e+00 1.422841515609719332e-01 5.000000000000000000e+00 1.200000000000000000e+01
3.369565217391304657e+00 -8.486197878595318489e-01 -5.290032662028120169e-01 1.604186291610123272e+00 1.615938477037193843e+00 1.547988771733550983e+00 3.052117178572431033e-01 -1.379205317775471507e+00 4.000000000000000000e+00 7.000000000000000000e+00
3.405797101449275388e+00 -8.672254279751230310e-01 -4.979157128203173244e-01 1.741711309054587709e+00 1.622397057076605531e+00 1.553607599592817579e+00 3.226154231374229742e-01 -1.093443648409996527e+00 8.000000000000000000e+00 1.000000000000000000e+01
3.442028985507246563e+00 -8.846927429472052351e-01 -4.661745923755930554e-01 1.897771258701322461e+00 1.628814191397238931e+00 1.559246822449185110e+00 1.701443770970170410e+00 -2.404330638929616182e+00 4.000000000000000000e+00 1.100000000000000000e+01
3.478260869565217739e+00 -9.009988050764954348e-01 -4.338215684480514200e-01 2.076887989455477701e+00 1.635190408536514983e+00 1.564906514331600329e+00 1.616496733929007057e-01 7.655714198334342413e-01 1.000000000000000000e+01 1.100000000000000000e+01
3.514492753623188470e+00 -9.161222109309514749e-01 -4.008991078051748480e-01 2.285168994130462927e+00 1.641526226985600800e+00 1.570586749537716820e+00 1.118328625384525932e+00 1.030314907939230196e+00 5.000000000000000000e+00 1.000000000000000000e+01
3.550724637681159646e+00 -9.300431094400393173e-01 -3.674504246603927937e-01 2.531070988146521650e+00 1.647822155442415504e+00 1.576287602634871110e+00 1.274628031719621024e+00 -1.050483433658870425e+00 9.000000000000000000e+00 9.000000000000000000e+00
3.586956521739130377e+00 -9.427432279513644486e-01 -3.335194239498530111e-01 2.826651643812842618e+00 1.654078693056720839e+00 1.582009148461061443e+00 1.665866279622139068e-01 -3.832554144072842561e+00 6.000000000000000000e+00 1.100000000000000000e+01
3.623188405797101552e+00 -9.542058962154615909e-01 -2.991506437025460707e-01 3.189717008144751009e+00 1.660296329667591220e+00 1.587751462125929214e+00 1.394775882201524375e+00 3.804075155322477197e+00 6.000000000000000000e+00 1.100000000000000000e+01
3.659420289855072728e+00 -9.644160682672612284e-01 -2.643891965794318288e-01 3.647713600799557199e+00 1.666475546033549415e+00 1.593514619011746625e+00 3.116891099515852748e-01 -1.077254891161588235e+00 4.000000000000000000e+00 1.300000000000000000e+01
3.695652173913043459e+00 -9.733603421755103735e-01 -2.292807106582963605e-01 4.245277936294158394e+00 1.672616814055631895e+00 1.599298694774405227e+00 1.560423217557878051e+00 2.723213724380997292e-01 4.000000000000000000e+00 1.000000000000000000e+01
3.731884057971014634e+00 -9.810269776342269710e-01 -1.938712695420699850e-01 5.060197831021808312e+00 1.678720596993649838e+00 1.605103765344409128e+00 1.851557234185305933e-01 -3.891595121655696765e+00 5.000000000000000000e+00 1.000000000000000000e+01
3.768115942028985810e+00 -9.874059113730925263e-01 -1.582073518692242997e-01 6.241213822915711695e+00 1.684787349675887169e+00 1.610929906927872191e+00 6.673441869915499591e-01 1.876048417374734045e+00 1.300000000000000000e+01 9.000000000000000000e+00
3.804347826086956541e+00 -9.924887703665596916e-01 -1.223357703056399681e-01 8.112825610097161189e+00 1.690817518702478317e+00 1.616777196007518125e+00 7.417969964717276987e-01 -2.917995258102690226e+00 9.000000000000000000e+00 1.200000000000000000e+01
3.840579710144927716e+00 -9.962688828243344563e-01 -8.630361009802831052e-02 1.154376835097301779e+01 1.696811542642688853e+00 1.622645709343684128e+00 6.430319361141376699e-01 3.699379283673449592e+00 7.000000000000000000e+00 1.000000000000000000e+01
3.876811594202898892e+00 -9.987412869488065947e-01 -5.015816726956498495e-02 1.991183771889575738e+01 1.702769852226319491e+00 1.628535523975330079e+00 4.257647096229100203e-01 -1.911536217146415417e+00 1.000000000000000000e+01 1.300000000000000000e+01
3.913043478260869623e+00 -9.999027374479341201e-01 -1.394688653885305107e-02 7.169361668372496865e+01 1.708692870529441743e+00 1.634446717221047507e+00 1.006839378509478911e+00 -2.843106024348586169e-01 1.300000000000000000e+01 1.200000000000000000e+01
3.949275362318840799e+00 -9.997517097950332499e-01 2.228270095629257541e-02 -4.486672023091106354e+01 1.714581013154664157e+00 1.640379366680076556e+00 8.016821686259012480e-01 -5.347706519148567317e-01 8.000000000000000000e+00 9.000000000000000000e+00
3.985507246376811530e+00 -9.982884022298800231e-01 5.848304004849056575e-02 -1.706970775462698597e+01 1.720434688406124790e+00 1.646333550233324283e+00 3.198437849033748392e-01 -1.416411390713031127e+00 5.000000000000000000e+00 1.000000000000000000e+01
4.021739130434783149e+00 -9.955147354984997810e-01 9.460661396198440098e-02 -1.052267588710579638e+01 1.726254297459388853e+00 1.652309346044386063e+00 9.317623534575729671e-01 3.106475301297106362e-01 9.000000000000000000e+00 1.100000000000000000e+01
4.057971014492753881e+00 -9.914343503319856810e-01 1.306060066834351940e-01 -7.591031802503840353e+00 1.732040234526432743e+00 1.658306832560572985e+00 1.686899321738213331e+00 1.529308084212909646e+00 7.000000000000000000e+00 1.200000000000000000e+01
4.094202898550724612e+00 -9.860526026676524891e-01 1.664339652004620529e-01 -5.924587577301289265e+00 1.737792887015882526e+00 1.664326088513940594e+00 1.300890280704778412e+00 1.095173329687240127e+00 6.000000000000000000e+00 7.000000000000000000e+00
4.130434782608696231e+00 -9.793765566188030736e-01 2.020434615262184652e-01 -4.847355857104600929e+00 1.743512635688669654e+00 1.670367192922323163e+00 3.091984754283094716e-02 1.557292659433843485e-01 4.000000000000000000e+00 1.100000000000000000e+01
4.166666666666666963e+00 -9.714149752023319984e-01 2.373877544285988295e-01 -4.092102297106959163e+00 1.749199854809259103e+00 1.676430225090370651e+00 2.797743937612762188e-02 2.520287381682426719e-01 1.200000000000000000e+01 1.200000000000000000e+01
4.202898550724637694e+00 -9.621783088363382586e-01 2.724204507830570998e-01 -3.531960636841365631e+00 1.754854912292604041e+00 1.682515264610589645e+00 1.689140349820063669e+00 8.503785543230535371e-01 1.100000000000000000e+01 1.000000000000000000e+01
4.239130434782608425e+00 -9.516786816228459678e-01 3.070955664684884012e-01 -3.098965877517803058e+00 1.760478169846966257e+00 1.688622391364389186e+00 4.478246786632607002e-01 1.355857430022612942e+00 4.000000000000000000e+00 1.100000000000000000e+01
4.275362318840580045e+00 -9.399298754336369299e-01 3.413675867262558339e-01 -2.753424496003396893e+00 1.766069983112743991e+00 1.694751685523127716e+00 1.102711430451555064e+00 1.798426829337042898e+00 3.000000000000000000e+00 1.000000000000000000e+01
4.311594202898550776e+00 -9.269473118200869388e-01 3.751915259031240457e-01 -2.470597675650671121e+00 1.771630701797441088e+00 1.700903227549167340e+00 2.236314693550756072e-01 -1.245801155916000491e+00 7.000000000000000000e+00 9.000000000000000000e+00
4.347826086956521507e+00 -9.127480317707458157e-01 4.085229864996945959e-01 -2.234263583528923736e+00 1.777160669806902238e+00 1.707077098196928544e+00 4.776568789875021981e-01 -7.122549959005569642e-01 8.000000000000000000e+00 1.000000000000000000e+01
4.384057971014493127e+00 -8.973506733432374816e-01 4.413182174468194829e-01 -2.033341561412818077e+00 1.782660225372940888e+00 1.713273378513951339e+00 6.990496864426727353e-01 -9.478939873911420566e-01 5.000000000000000000e+00 1.200000000000000000e+01
4.420289855072463858e+00 -8.807754471998384682e-01 4.735341715335066315e-01 -1.860003987352190524e+00 1.788129701177476161e+00 1.719492149841958639e+00 4.389973744946384926e-01 1.018254622335247550e+00 6.000000000000000000e+00 1.100000000000000000e+01
4.456521739130434590e+00 -8.630441100788424080e-01 5.051285619109445735e-01 -1.708563275087579214e+00 1.793569424473294482e+00 1.725733493817924291e+00 1.679506733209537916e+00 1.038673191352554870e+00 6.000000000000000000e+00 1.200000000000000000e+01
4.492753623188406209e+00 -8.441799362365399739e-01 5.360599175984633868e-01 -1.574786527630059441e+00 1.798979717201542039e+00 1.731997492375145553e+00 1.922643840499369983e+00 -1.213430852946597138e+00 4.000000000000000000e+00 1.300000000000000000e+01
4.528985507246376940e+00 -8.242076868972958437e-01 5.662876379185838305e-01 -1.455457671523095797e+00 1.804360896106058876e+00 1.738284227744316679e+00 1.752064686491557444e+00 8.342774058734724052e-02 4.000000000000000000e+00 1.300000000000000000e+01
4.565217391304347672e+00 -8.031535777518195030e-01 5.957720457897064392e-01 -1.348088725256024967e+00 1.809713272844650778e+00 1.744593782454610720e+00 1.341301125539268835e+00 3.404711264839769491e+00 6.000000000000000000e+00 9.000000000000000000e+00
4.601449275362319291e+00 -7.810452445462972015e-01 6.244744398064783208e-01 -1.250724120571435227e+00 1.815037154097400629e+00 1.750926239334760659e+00 8.302147791639229446e-01 7.092735355034456290e-01 6.000000000000000000e+00 1.000000000000000000e+01
4.637681159420290022e+00 -7.579117068075533759e-01 6.523571450394800575e-01 -1.161804868040013927e+00 1.820332841672110957e+00 1.757281681514148985e+00 2.811776708141635606e-01 -3.950405376006395297e+00 7.000000000000000000e+00 1.100000000000000000e+01
4.673913043478260754e+00 -7.337833297518471243e-01 6.793835624875627088e-01 -1.080072245294101174e+00 1.825600632606969809e+00 1.763660192423897488e+00 1.583783789748124615e+00 -1.470837329745039446e+00 6.000000000000000000e+00 1.100000000000000000e+01
4.710144927536232373e+00 -7.086917844273142864e-01 7.055182171179061879e-01 -1.004498207462838355e+00 1.830840819270526110e+00 1.770061855797962380e+00 1.371071848099847168e+00 2.319458629441480735e+00 9.000000000000000000e+00 1.000000000000000000e+01
4.746376811594203105e+00 -6.826700061423675026e-01 7.307268044307529964e-01 -9.342342473315694562e-01 1.836053689459059113e+00 1.776486755674235196e+00 1.044463312506689778e+00 2.955454012459767466e+00 3.000000000000000000e+00 1.000000000000000000e+01
4.782608695652173836e+00 -6.557521512346143888e-01 7.549762354876975445e-01 -8.685732350383364997e-01 1.841239526491424749e+00 1.782934976395643911e+00 7.852699967463663278e-01 -2.185960275089823046e+00 7.000000000000000000e+00 1.100000000000000000e+01
4.818840579710145455e+00 -6.279735522370527567e-01 7.782346803444174510e-01 -8.069205447887970450e-01 1.846398609301451943e+00 1.789406602611261610e+00 1.896293276372307934e+00 -2.037322493950425861e-01 9.000000000000000000e+00 1.200000000000000000e+01
4.855072463768116187e+00 -5.993706715003832564e-01 8.004716098308419792e-01 -7.487719291219385731e-01 1.851531212527972370e+00 1.795901719277416708e+00 1.575854177549212753e+00 1.922219681785671153e+00 1.100000000000000000e+01 1.100000000000000000e+01
4.891304347826086918e+00 -5.699810533323124151e-01 8.216578356239216951e-01 -6.936963643747159347e-01 1.856637606602546509e+00 1.802420411658809396e+00 1.627017450841456103e+00 -1.446778951290083942e-03 4.000000000000000000e+00 1.100000000000000000e+01
4.927536231884058537e+00 -5.398432747166775902e-01 8.417655485603896537e-01 -6.413226053738267929e-01 1.861718057834965467e+00 1.808962765329629407e+00 1.687825385810981960e+00 1.453837130472614536e+00 1.000000000000000000e+01 1.500000000000000000e+01
4.963768115942029269e+00 -5.089968946770754288e-01 8.607683551392291132e-01 -5.913285399470166182e-01 1.866772828496589431e+00 1.815528866174680678e+00 2.502350066142537965e-01 -5.042289242222035561e+00 9.000000000000000000e+00 1.400000000000000000e+01
5.000000000000000000e+00 -4.774824023514532834e-01 8.786413121659399916e-01 -5.434326792288092234e-01 1.871802176901591341e+00 1.822118800390508886e+00 1.282284290249871006e+00 -2.604857957984008099e+00 5.000000000000000000e+00 1.000000000000000000e+01
5.036231884057971619e+00 -4.453411638458329991e-01 8.953609594931191129e-01 -4.973872929393181042e-01 1.876806357486167309e+00 1.828732654486531883e+00 4.823051301969565330e-01 3.553726672276441789e+00 7.000000000000000000e+00 9.000000000000000000e+00
5.072463768115942351e+00 -4.126153679369219951e-01 9.109053508143853950e-01 -4.529728226626701937e-01 1.881785620885774613e+00 1.835370515286176119e+00 7.374458652620554666e-01 -1.531577640226092107e+00 4.000000000000000000e+00 1.100000000000000000e+01
5.108695652173913082e+00 -3.793479706948746921e-01 9.252540824712315315e-01 -4.099932957676731826e-01 1.886740214010457883e+00 1.842032469928015948e+00 6.731717818427900291e-01 -9.694259481060550909e-01 1.000000000000000000e+01 8.000000000000000000e+00
5.144927536231883813e+00 -3.455826390989080177e-01 9.383883202349834196e-01 -3.682725281708217335e-01 1.891670380118316563e+00 1.848718605866918052e+00 1.474600054679377159e+00 -1.289198163159588351e+00 7.000000000000000000e+00 1.400000000000000000e+01
5.181159420289855433e+00 -3.113636937197686305e-01 9.502908240287191166e-01 -3.276509525786590049e-01 1.896576358887171132e+00 1.855429010875190077e+00 1.502150484128340846e+00 2.951541094521536124e+00 8.000000000000000000e+00 1.300000000000000000e+01
5.217391304347826164e+00 -2.767360505442972851e-01 9.609459705566927301e-01 -2.879829449557703147e-01 1.901458386484479401e+00 1.862163773043730597e+00 6.219562860404859173e-02 1.245905217949130617e-01 6.000000000000000000e+00 1.200000000000000000e+01
5.253623188405796895e+00 -2.417451620184381256e-01 9.703397738115649984e-01 -2.491345490959786246e-01 1.906316695635555725e+00 1.868922980783188414e+00 1.942366957326552512e+00 3.447971977141981892e+00 5.000000000000000000e+00 1.200000000000000000e+01
5.289855072463768515e+00 -2.064369573860959650e-01 9.784599034325173195e-01 -2.109815196942646520e-01 1.911151515690139080e+00 1.875706722825120742e+00 1.705351278910668178e+00 2.601404283831310060e+00 1.300000000000000000e+01 7.000000000000000000e+00
5.326086956521739246e+00 -1.708577824021462188e-01 9.852957008901545022e-01 -1.734076199132774387e-01 1.915963072687361324e+00 1.882515088223159605e+00 1.138446554358835350e+00 1.172292535075409647e+00 7.000000000000000000e+00 1.000000000000000000e+01
5.362318840579709978e+00 -1.350543384987221707e-01 9.908381934769534549e-01 -1.363031213247872242e-01 1.920751589419158467e+00 1.889348166354180014e+00 1.399419494826892540e+00 -3.133062477834136939e+00 6.000000000000000000e+00 8.000000000000000000e+00
5.398550724637681597e+00 -9.907362148464586571e-02 9.950801060848906143e-01 -9.956346316121997275e-02 1.925517285492172936e+00 1.896206046919473920e+00 1.018371736464561250e+00 -1.304987042682125953e+00 8.000000000000000000e+00 1.100000000000000000e+01
5.434782608695652328e+00 -6.296285985845863353e-02 9.980158707547912567e-01 -6.308803467307623480e-02 1.930260377388185677e+00 1.903088819945927712e+00 2.307671711909171641e-01 5.757953854689246143e-01 8.000000000000000000e+00 7.000000000000000000e+00
5.471014492753623060e+00 -2.676945281601383897e-02 9.996416339848651633e-01 -2.677904951727844152e-02 1.934981078523122955e+00 1.909996575787202833e+00 1.666978296002599391e+00 -3.124136232565957627e+00 3.000000000000000000e+00 7.000000000000000000e+00
5.507246376811594679e+00 9.459091965980841524e-03 9.999552617888357586e-01 9.459515167767927959e-03 1.939679599304677149e+00 1.916929405124923713e+00 2.367951489704682722e-01 -2.958635879913498745e-01 6.000000000000000000e+00 1.000000000000000000e+01
5.543478260869565410e+00 4.567522068881365443e-02 9.989563424970223648e-01 4.572293977797112913e-02 1.944356147188579076e+00 1.923887398969866824e+00 1.567025934752663607e+00 1.263571968749142460e+00 5.000000000000000000e+00 9.000000000000000000e+00
5.579710144927536142e+00 8.183139585116702697e-02 9.966461872967004032e-01 8.210676656790932837e-02 1.949010926733561577e+00 1.930870648663156164e+00 1.487131789057114961e+00 4.025734929464436229e-01 9.000000000000000000e+00 8.000000000000000000e+00
5.615942028985507761e+00 1.178801586471157348e-01 9.930278285110295533e-01 1.187078098545014115e-01 1.953644139655049683e+00 1.937879245877462075e+00 1.808823092043395864e+00 2.896782119648340981e+00 6.000000000000000000e+00 1.000000000000000000e+01
5.652173913043478493e+00 1.537741912608291683e-01 9.881060156188089527e-01 1.556251948982690092e-01 1.958255984877612654e+00 1.944913282618204509e+00 1.203631081715047069e+00 4.686662209964737036e-01 1.000000000000000000e+01 1.100000000000000000e+01
5.688405797101449224e+00 1.894663789762169870e-01 9.818872090202828140e-01 1.929614493759060634e-01 1.962846658586211435e+00 1.951972851224761385e+00 1.470685015419882280e+00 1.728904087499783415e+00 5.000000000000000000e+00 9.000000000000000000e+00
5.724637681159420843e+00 2.249098720199769752e-01 9.743795715571820226e-01 2.308236734279460467e-01 1.967416354276276813e+00 1.959058044371680074e+00 7.933713306162941681e-01 6.185937223331602342e-01 4.000000000000000000e+00 1.100000000000000000e+01
5.760869565217391575e+00 2.600581470568775755e-01 9.655929577981311462e-01 2.693248174157105712e-01 1.971965262802646057e+00 1.966168955069894420e+00 1.277622773958117408e+00 7.023872909553794397e-01 5.000000000000000000e+00 1.200000000000000000e+01
5.797101449275362306e+00 2.948650682565636671e-01 9.555389011034830515e-01 3.085851009477952323e-01 1.976493572427393541e+00 1.973305676667945763e+00 1.849711526853529575e+00 -1.109196935079814539e+00 5.000000000000000000e+00 1.100000000000000000e+01
5.833333333333333925e+00 3.292849478517132500e-01 9.442305984865637658e-01 3.487336127207689707e-01 1.981001468866583348e+00 1.980468302853207962e+00 9.053390663948441830e-01 -1.761406037340180475e-01 2.000000000000000000e+00 1.000000000000000000e+01
5.869565217391304657e+00 3.632726061080642777e-01 9.316828932911965788e-01 3.899101386575783978e-01 1.985489135335971378e+00 1.987656927653117966e+00 6.833362185947244871e-01 -1.877958650426622578e+00 2.000000000000000000e+00 1.100000000000000000e+01
5.905797101449275388e+00 3.967834306276018519e-01 9.179122557082408651e-01 4.322672762675474623e-01 1.989956752595687384e+00 1.994871645436409047e+00 1.442129241493679714e+00 2.494943327399220312e+00 3.000000000000000000e+00 1.300000000000000000e+01
5.942028985507247008e+00 4.297734349070488902e-01 9.029367611567249430e-01 4.759729068472958735e-01 1.994404498993923802e+00 2.002112550914351807e+00 1.720122724977068085e+00 1.835979036909007434e+00 8.000000000000000000e+00 9.000000000000000000e+00
5.978260869565217739e+00 4.621993160748038565e-01 8.867760665579464963e-01 5.212131151315881894e-01 1.998832550509655803e+00 2.009379739141994303e+00 4.647372685615371868e-01 1.374245074570468406e+00 1.100000000000000000e+01 8.000000000000000000e+00
6.014492753623188470e+00 4.940185117305468943e-01 8.694513845336813151e-01 5.681956697274190837e-01 2.003241080794421869e+00 2.016673305519412374e+00 3.102230218797505934e-01 -1.462015254233794082e+00 6.000000000000000000e+00 8.000000000000000000e+00
6.050724637681159201e+00 5.251892558128911093e-01 8.509854555623742600e-01 6.171542091348899417e-01 2.007630261213185108e+00 2.023993345792961751e+00 5.401770367377329851e-01 1.604798631604201109e+00 3.000000000000000000e+00 7.000000000000000000e+00
6.086956521739130821e+00 5.556706334217589305e-01 8.314025181298534406e-01 6.683533202084563918e-01 2.012000260884303060e+00 2.031339956056533502e+00 1.849346841194483559e-01 -9.935084818872864654e-01 4.000000000000000000e+00 1.100000000000000000e+01
6.123188405797101552e+00 5.854226345235156170e-01 8.107282769137550416e-01 7.220947525749032980e-01 2.016351246718629753e+00 2.038713232752817017e+00 1.396514497677484368e+00 -1.465871276805806644e+00 7.000000000000000000e+00 9.000000000000000000e+00
6.159420289855072284e+00 6.144062064683764035e-01 7.889898690434109518e-01 7.787250896051380877e-01 2.020683383457764215e+00 2.046113272674565220e+00 1.215609971075052309e+00 -1.115901400651833741e+00 5.000000000000000000e+00 1.200000000000000000e+01
6.195652173913043903e+00 6.425833052511393806e-01 7.662158284794963192e-01 8.386453024943411050e-01 2.024996833711483646e+00 2.053540172965866439e+00 1.056585917207712111e+00 9.952542551122547376e-01 6.000000000000000000e+00 1.000000000000000000e+01
6.231884057971014634e+00 6.699169454479667607e-01 7.424360485601880777e-01 9.023227613302746697e-01 2.029291757994364342e+00 2.060994031123417614e+00 6.207380893762404206e-01 1.389982998106070289e+00 9.000000000000000000e+00 1.200000000000000000e+01
6.268115942028985366e+00 6.963712487636707360e-01 7.176817427629922364e-01 9.703064844351780849e-01 2.033568314761624585e+00 2.068474944997805487e+00 7.964467022758410231e-01 -3.908674360187559316e+00 1.100000000000000000e+01 1.200000000000000000e+01
6.304347826086956985e+00 7.219114911257712430e-01 6.919854037337532793e-01 1.043246703226029748e+00 2.037826660444201909e+00 2.075983012794791804e+00 1.249481237751436824e+00 5.530290380170370668e-01 5.000000000000000000e+00 1.000000000000000000e+01
6.340579710144927716e+00 7.465041482635128567e-01 6.653807606366201055e-01 1.121920248414270294e+00 2.042066949483086979e+00 2.083518333076599838e+00 1.243041007738234116e+00 -4.514647954420460962e-01 6.000000000000000000e+00 9.000000000000000000e+00
6.376811594202898448e+00 7.701169397120224414e-01 6.379027348809449549e-01 1.207263894010037975e+00 2.046289334362935364e+00 2.091081004763212459e+00 1.846334341265223555e+00 2.647024187513929316e+00 1.100000000000000000e+01 1.000000000000000000e+01
6.413043478260870067e+00 7.927188711838324409e-01 6.095873942832402692e-01 1.300418739983821625e+00 2.050493965644967442e+00 2.098671127133666214e+00 4.168234533556218757e-01 -3.295584299266509087e-01 1.400000000000000000e+01 9.000000000000000000e+00
6.449275362318840799e+00 8.142802752521615117e-01 5.804719057243546976e-01 1.402790156116244580e+00 2.054680991999183970e+00 2.106288799827358726e+00 1.114305177260655588e+00 -8.236292102158837558e-01 1.100000000000000000e+01 8.000000000000000000e+00
6.485507246376811530e+00 8.347728502925554350e-01 5.505944863640053200e-01 1.516130057540525211e+00 2.058850560235908844e+00 2.113934122845352981e+00 1.547681037865513698e-01 -1.542402880125263831e+00 6.000000000000000000e+00 9.000000000000000000e+00
6.521739130434783149e+00 8.541696976317616485e-01 5.199943534767130782e-01 1.642651870968852457e+00 2.063002815336675955e+00 2.121607196551692276e+00 1.675758785123214745e+00 2.280494832419580842e+00 5.000000000000000000e+00 1.100000000000000000e+01
6.557971014492753881e+00 8.724453568550835092e-01 4.887116729749823585e-01 1.785194430786073649e+00 2.067137900484479207e+00 2.129308121674718279e+00 4.887732386269965090e-01 2.272289827123694206e+00 1.000000000000000000e+01 1.000000000000000000e+01
6.594202898550724612e+00 8.895758392258710234e-01 4.567875066872859602e-01 1.947460966428903095e+00 2.071255957093396383e+00 2.137036999308391305e+00 9.608326454956990226e-01 2.913002745108376756e-01 6.000000000000000000e+00 9.000000000000000000e+00
6.630434782608696231e+00 9.055386591732752510e-01 4.242637584600725265e-01 2.134376649233628687e+00 2.075357124837611256e+00 2.144793930913619029e+00 5.122771679533419942e-01 -1.203435471649258126e+00 5.000000000000000000e+00 1.100000000000000000e+01
6.666666666666666963e+00 9.203128638069382195e-01 3.911831191545360742e-01 2.352639515212236354e+00 2.079441541679835748e+00 2.152579018319586979e+00 1.558427642342762764e+00 -3.368011123447481325e-01 4.000000000000000000e+00 1.300000000000000000e+01
6.702898550724637694e+00 9.338790604198807799e-01 3.575890106103383204e-01 2.611598882264088317e+00 2.083509343899161426e+00 2.160392363725097908e+00 3.454911886415534816e-02 4.984343520631753233e-01 9.000000000000000000e+00 9.000000000000000000e+00
6.739130434782609314e+00 9.462194419434816206e-01 3.235255286498518457e-01 2.924713378546286435e+00 2.087560666118339903e+00 2.168234069699910282e+00 1.259104899174990466e+00 -3.750630811412524745e-01 7.000000000000000000e+00 1.000000000000000000e+01
6.775362318840580045e+00 9.573178103211386070e-01 2.890373851977293684e-01 3.312089921053780195e+00 2.091595641330519229e+00 2.176104239186086531e+00 1.141538029305903201e+00 -2.468440140028735463e+00 3.000000000000000000e+00 1.000000000000000000e+01
6.811594202898550776e+00 9.671595977699332103e-01 2.541698495917663059e-01 3.805170437498121672e+00 2.095614400925436716e+00 2.184002975499343968e+00 1.404887410173984996e+00 -2.072518659299714017e+00 9.000000000000000000e+00 1.100000000000000000e+01
6.847826086956522396e+00 9.757318859023869084e-01 2.189686891621070441e-01 4.456033826735987802e+00 2.099617074715094400e+00 2.191930382330411931e+00 1.490384244762830379e+00 -2.199111364966207516e-01 7.000000000000000000e+00 1.000000000000000000e+01
6.884057971014493127e+00 9.830234226832109679e-01 1.834801091567835885e-01 5.357656626654927479e+00 2.103603790958915809e+00 2.199886563746391133e+00 8.363291325829376177e-01 -7.100804637483778547e-01 8.000000000000000000e+00 1.200000000000000000e+01
6.920289855072463858e+00 9.890246371987945206e-01 1.477506920924330502e-01 6.693874818400574078e+00 2.107574676388408452e+00 2.207871624192121018e+00 9.270367828846579616e-01 -2.580436835827497055e-01 4.000000000000000000e+00 1.100000000000000000e+01
6.956521739130435478e+00 9.937276522200408913e-01 1.118273366098177374e-01 8.886267726175978154e+00 2.111529856231336488e+00 2.215885668491552440e+00 3.722616192051124706e-01 1.347761513447177872e+00 7.000000000000000000e+00 1.200000000000000000e+01
6.992753623188406209e+00 9.971262945420642509e-01 7.575719591439897260e-02 1.316213308196829601e+01 2.115469454235416880e+00 2.223928801849119452e+00 1.295287997269659375e+00 2.521035485657996844e+00 5.000000000000000000e+00 1.000000000000000000e+01
7.028985507246376940e+00 9.992161030871745675e-01 3.958761588276000359e-02 2.524062338197847311e+01 2.119393592691551031e+00 2.232001129851125310e+00 8.939225919246946983e-01 1.707938894940752350e+00 9.000000000000000000e+00 8.000000000000000000e+00
7.065217391304347672e+00 9.999943347605141364e-01 3.366072916136342037e-03 2.970804137862619996e+02 2.123302392456603904e+00 2.240102758467124477e+00 4.304803491270259297e-01 2.575763552164918035e+00 7.000000000000000000e+00 1.400000000000000000e+01
7.101449275362319291e+00 9.994599680506597306e-01 -3.285988837738652163e-02 -3.041580532995562081e+01 2.127195972975735927e+00 2.248233794051316181e+00 1.473069283120794326e+00 -2.254936169232215626e+00 4.000000000000000000e+00 9.000000000000000000e+00
7.137681159420290022e+00 9.976137043704642604e-01 -6.904271759019883770e-02 -1.444922417874355958e+01 2.131074452304306810e+00 2.256394343343940179e+00 2.303284338107263185e-01 -1.264610038983828399e+00 1.200000000000000000e+01 1.000000000000000000e+01
7.173913043478260754e+00 9.944579671363786844e-01 -1.051349209301136595e-01 -9.458873972021386578e+00 2.134937947129351254e+00 2.264584513472676974e+00 8.323803309496007330e-01 -3.175367721843844193e-01 6.000000000000000000e+00 1.100000000000000000e+01
7.210144927536232373e+00 9.899968985874607608e-01 -1.410891235609922079e-01 -7.016819394724565839e+00 2.138786572790645657e+00 2.272804411954055581e+00 1.419587214175443313e+00 3.140260040196030111e-01 1.000000000000000000e+00 1.300000000000000000e+01
7.246376811594203105e+00 9.842363543482488542e-01 -1.768581317872276459e-01 -5.565117896486388993e+00 2.142620443301367583e+00 2.281054146694863949e+00 4.606170170609993342e-01 2.577146822749680766e+00 9.000000000000000000e+00 1.100000000000000000e+01
7.282608695652173836e+00 9.771838957426347561e-01 -2.123949950004647425e-01 -4.600785888295044757e+00 2.146439671368363111e+00 2.289333825993565164e+00 7.227160760572652887e-01 1.111390798465716062e-01 7.000000000000000000e+00 1.000000000000000000e+01
7.318840579710145455e+00 9.688487798688243391e-01 -2.476530673072519784e-01 -3.912121058718071254e+00 2.150244368412026486e+00 2.297643558541721198e+00 1.436942899546101549e+00 7.806879054950620622e-01 8.000000000000000000e+00 1.100000000000000000e+01
7.355072463768116187e+00 9.592419474484201736e-01 -2.825860687566926210e-01 -3.394512516731071017e+00 2.154034644585807623e+00 2.305983453425416219e+00 1.395254396275845910e+00 -3.255260198590279153e+00 5.000000000000000000e+00 1.000000000000000000e+01
7.391304347826086918e+00 9.483760084655631362e-01 -3.171481460877961789e-01 -2.990324932257444335e+00 2.157810608795342588e+00 2.314353620126693212e+00 4.462428375575067108e-01 -3.488649048780397610e+00 8.000000000000000000e+00 1.000000000000000000e+01
7.427536231884058537e+00 9.362652256149949226e-01 -3.512939329167281133e-01 -2.665190422850058916e+00 2.161572368717234571e+00 2.322754168524986174e+00 7.093153162645553511e-01 -1.996410843949896652e+00 1.100000000000000000e+01 1.100000000000000000e+01
7.463768115942029269e+00 9.229254955807647542e-01 -3.849786092849832309e-01 -2.397342276483632961e+00 2.165320030817474262e+00 2.331185208898567396e+00 5.719664201681009530e-01 3.194394503132899299e+00 8.000000000000000000e+00 1.300000000000000000e+01
7.500000000000000000e+00 9.083743281701425198e-01 -4.181579604903417624e-01 -2.172323413632880840e+00 2.169053700369523163e+00 2.339646851925990756e+00 5.400389509490097772e-01 6.739609868230507228e-01 8.000000000000000000e+00 1.000000000000000000e+01
7.536231884057971619e+00 8.926308233301527562e-01 -4.507884351233220621e-01 -1.980154666314711376e+00 2.172773481472054957e+00 2.348139208687548773e+00 3.212597303535367210e-01 -1.667909767190319525e-01 4.000000000000000000e+00 1.000000000000000000e+01
7.572463768115942351e+00 8.757156460768659167e-01 -4.828272022330321600e-01 -1.813724748785404461e+00 2.176479477066372681e+00 2.356662390666727003e+00 8.829195629989676775e-01 1.031870313274845241e+00 3.000000000000000000e+00 1.000000000000000000e+01
7.608695652173913082e+00 8.576509993703811396e-01 -5.142322075473166887e-01 -1.667828243316449521e+00 2.180171788953499945e+00 2.365216509751670415e+00 1.114844573377580250e-01 8.307464347134810301e-02 8.000000000000000000e+00 1.100000000000000000e+01
7.644927536231884702e+00 8.384605949710910444e-01 -5.449622286734412402e-01 -1.538566437920091845e+00 2.183850517810962621e+00 2.373801678236650226e+00 9.676836502712686805e-01 -2.169459276119341251e-01 6.000000000000000000e+00 8.000000000000000000e+00
7.681159420289855433e+00 8.181696223154861780e-01 -5.749769292068461768e-01 -1.422960784607676388e+00 2.187515763209258335e+00 2.382418008823540045e+00 1.776180699376623373e+00 9.079110481697879598e-01 7.000000000000000000e+00 8.000000000000000000e+00
7.717391304347826164e+00 7.968047154523592024e-01 -6.042369116769389370e-01 -1.318695862589703172e+00 2.191167623628029304e+00 2.391065614623293367e+00 4.357463126723826186e-02 -1.661931639151126960e+00 7.000000000000000000e+00 1.000000000000000000e+01
7.753623188405797784e+00 7.743939180827856816e-01 -6.327037692604586816e-01 -1.223943898718894641e+00 2.194806196471937643e+00 2.399744609157429487e+00 8.974801675995625061e-03 -2.387016914324803452e+00 8.000000000000000000e+00 1.000000000000000000e+01
7.789855072463768515e+00 7.509666467498140596e-01 -6.603401361944766235e-01 -1.137242165950438366e+00 2.198431578086254667e+00 2.408455106359523423e+00 1.870178111751929162e+00 -6.103745930708313061e-01 1.000000000000000000e+01 1.100000000000000000e+01
7.826086956521739246e+00 7.265536522261279995e-01 -6.871097368229288627e-01 -1.057405554439645678e+00 2.202043863772168208e+00 2.417197220576702943e+00 7.713562566956790878e-01 -1.909841778786600885e+00 1.000000000000000000e+01 1.000000000000000000e+01
7.862318840579710866e+00 7.011869791504076188e-01 -7.129774332122481573e-01 -9.834630753897499744e-01 2.205643147801815029e+00 2.425971066571146473e+00 5.752964308395647208e-01 1.781386529582233758e+00 8.000000000000000000e+00 1.000000000000000000e+01
7.898550724637681597e+00 6.748999239653551419e-01 -7.379092712736151638e-01 -9.146109830013284814e-01 2.209229523433042797e+00 2.434776759521592560e+00 1.883935531228204008e+00 2.976726277166007684e+00 4.000000000000000000e+00 1.100000000000000000e+01
7.934782608695652328e+00 6.477269912125768192e-01 -7.618725253313066714e-01 -8.501776474101192527e-01 2.212803082923907816e+00 2.443614415024851994e+00 3.365764425189243791e-01 1.683212482015442601e+00 3.000000000000000000e+00 1.200000000000000000e+01
7.971014492753623060e+00 6.197038482417398519e-01 -7.848357410785894439e-01 -7.895968746149213402e-01 2.216363917546916973e+00 2.452484149097322597e+00 5.769662668050057341e-01 -9.168903897640805489e-01 6.000000000000000000e+00 1.400000000000000000e+01
8.007246376811593791e+00 5.908672783933808237e-01 -8.067687768648456048e-01 -7.323873894692954911e-01 2.219912117603013879e+00 2.461386078176514669e+00 1.880140131754792554e+00 -1.817340190155305457e+00 1.000000000000000000e+01 9.000000000000000000e+00
8.043478260869566299e+00 5.612551327168975313e-01 -8.276428432596621976e-01 -6.781368766585359475e-01 2.223447772435322101e+00 2.470320319122578656e+00 3.676733306758270814e-01 1.141250999265117416e+00 7.000000000000000000e+00 1.200000000000000000e+01
8.079710144927537030e+00 5.309062802870333497e-01 -8.474305408420125252e-01 -6.264894344727314213e-01 2.226970970442638809e+00 2.479286989219839032e+00 4.708969123196091733e-01 -2.215995870119341404e+00 9.000000000000000000e+00 1.000000000000000000e+01
8.115942028985507761e+00 4.998605571840946671e-01 -8.661058961649010790e-01 -5.771356128591975665e-01 2.230481799092701944e+00 2.488286206178334403e+00 7.615861245893167375e-01 3.359168618147664320e-01 8.000000000000000000e+00 9.000000000000000000e+00
8.152173913043478493e+00 4.681587142049005168e-01 -8.836443958482474992e-01 -5.298044285738894299e-01 2.233980344935214912e+00 2.497318088135363379e+00 1.543019977158532896e-02 2.612768948197038421e-01 1.000000000000000000e+01 9.000000000000000000e+00
8.188405797101449224e+00 4.358423633730255098e-01 -9.000230187553069916e-01 -4.842569070908616657e-01 2.237466693614652780e+00 2.506382753657033113e+00 1.936216800323753429e+00 1.252710412515284144e+00 1.100000000000000000e+01 1.100000000000000000e+01
8.224637681159419955e+00 4.029539233186403280e-01 -9.152202662103343656e-01 -4.402808134780028526e-01 2.240940929882838883e+00 2.515480321739818503e+00 8.408428679619377455e-01 -1.308585149849260221e+00 8.000000000000000000e+00 1.100000000000000000e+01
8.260869565217392463e+00 3.695365635995456199e-01 -9.292161902178841526e-01 -3.976863161552276482e-01 2.244403137611310051e+00 2.524610911812122271e+00 2.062460866237245671e-01 -6.705023929925366666e-01 3.000000000000000000e+00 1.000000000000000000e+01
8.297101449275363194e+00 3.356341480365814811e-01 -9.419924196466541444e-01 -3.563023874040084915e-01 2.247853399803462437e+00 2.533774643735844823e+00 1.112965578890461105e+00 -2.083993685366100745e+00 4.000000000000000000e+00 1.300000000000000000e+01
8.333333333333333925e+00 3.012911771377116965e-01 -9.535321843435449196e-01 -3.159737889132020472e-01 2.251291798606495309e+00 2.542971637807954544e+00 1.461449312553463109e+00 3.743711240513582172e+00 5.000000000000000000e+00 1.000000000000000000e+01
8.369565217391304657e+00 2.665527296863875462e-01 -9.638203371462628066e-01 -2.765585238381801370e-01 2.254718415323142544e+00 2.552202014762070981e+00 2.901100995400769378e-01 -6.737214366601588234e-01 8.000000000000000000e+00 1.300000000000000000e+01
8.405797101449275388e+00 2.314644035708980641e-01 -9.728433737655658442e-01 -2.379256618410971191e-01 2.258133330423211849e+00 2.561465895770045798e+00 5.322512167885746770e-01 -4.253896078478161535e-01 5.000000000000000000e+00 7.000000000000000000e+00
8.442028985507246119e+00 1.960722559322893299e-01 -9.805894505110804849e-01 -1.999534625118565279e-01 2.261536623554919689e+00 2.570763402443557499e+00 1.137986898593812413e+00 -7.432148606951837211e-01 3.000000000000000000e+00 1.300000000000000000e+01
8.478260869565216851e+00 1.604227427095204772e-01 -9.870483998373914547e-01 -1.625277369741431888e-01 2.264928373556040597e+00 2.580094656835704381e+00 1.829536292964028643e+00 4.100581821598115601e-02 9.000000000000000000e+00 1.100000000000000000e+01
8.514492753623189358e+00 1.245626576611002095e-01 -9.922117436900268483e-01 -1.255403984615751090e-01 2.268308658464864180e+00 2.589459781442608577e+00 9.510527325039932478e-01 -2.875912349280675517e+00 7.000000000000000000e+00 1.000000000000000000e+01
8.550724637681160090e+00 8.853907094335151939e-02 -9.960727046337973789e-01 -8.888816100618136817e-02 2.271677555530969173e+00 2.598858899205023665e+00 1.093993612487467182e+00 1.479533827946784896e+00 6.000000000000000000e+00 1.100000000000000000e+01
8.586956521739130821e+00 5.239926732584004182e-02 -9.986262147488994545e-01 -5.247135169490380752e-02 2.275035141225814961e+00 2.608292133509948929e+00 9.473246565573938405e-01 4.516321794738635376e+00 9.000000000000000000e+00 8.000000000000000000e+00
8.623188405797101552e+00 1.619068412509975727e-02 -9.998689222830966505e-01 -1.619280664122454624e-02 2.278381491253159030e+00 2.617759608192248511e+00 3.957441003124007040e-02 -2.176876855841570979e+00 8.000000000000000000e+00 1.300000000000000000e+01
8.659420289855072284e+00 -2.003915106183997569e-02 -9.997991960512474519e-01 2.004317581068830109e-02 2.281716680559297661e+00 2.627261447536277217e+00 1.435734076627628308e-01 -5.118452153669252880e-01 6.000000000000000000e+00 1.000000000000000000e+01
8.695652173913043015e+00 -5.624268274248324373e-02 -9.984171275764095466e-01 5.633184887263360113e-02 2.285040783343136095e+00 2.636797776277513439e+00 7.106911502511281675e-01 6.123541782672533573e-01 8.000000000000000000e+00 1.400000000000000000e+01
8.731884057971015523e+00 -9.237238995045890522e-02 -9.957245309697057012e-01 9.276902102682983708e-02 2.288353873066096167e+00 2.646368719604194286e+00 1.243772354648106537e+00 -1.028509394095950880e+00 8.000000000000000000e+00 1.300000000000000000e+01
8.768115942028986254e+00 -1.283808486218283029e-01 -9.917249405491117553e-01 1.294520722154518522e-01 2.291656022461855180e+00 2.655974403158960495e+00 1.696973577396105881e+00 -1.064016474458211237e+00 7.000000000000000000e+00 8.000000000000000000e+00
8.804347826086956985e+00 -1.642207938441980763e-01 -9.864236062002882388e-01 1.664810055355202822e-01 2.294947303545928019e+00 2.665614953040505331e+00 1.760479265677296956e+00 -4.994232663561309904e-01 7.000000000000000000e+00 7.000000000000000000e+00
8.840579710144927716e+00 -1.998451818968946248e-01 -9.798274864855532895e-01 2.039595588542832405e-01 2.298227787625089835e+00 2.675290495805229707e+00 1.262430672451416935e+00 -1.950059575111428245e+00 7.000000000000000000e+00 8.000000000000000000e+00
8.876811594202898448e+00 -2.352072520008536838e-01 -9.719452395100286468e-01 2.419964031301032881e-01 2.301497545306646852e+00 2.685001158468904858e+00 1.880333774381570899e+00 -5.662049757118915672e+00 9.000000000000000000e+00 1.100000000000000000e+01
8.913043478260869179e+00 -2.702605876970630705e-01 -9.627872115569660050e-01 2.807064577228987612e-01 2.304756646507553519e+00 2.694747068508338117e+00 1.877062313486786760e+00 9.516715880945206818e-01 1.100000000000000000e+01 1.300000000000000000e+01
8.949275362318841687e+00 -3.049591777731047726e-01 -9.523654235071493668e-01 3.202123578259196135e-01 2.308005160463384886e+00 2.704528353863047130e+00 6.110770240638427886e-01 -2.961847721049697957e-01 5.000000000000000000e+00 1.200000000000000000e+01
8.985507246376812418e+00 -3.392574766577158285e-01 -9.406935550602222307e-01 3.606461156587777994e-01 2.311243155737160215e+00 2.714345142936939403e+00 6.354545789832601876e-01 1.310896512101532130e+00 1.000000000000000000e+01 1.300000000000000000e+01
9.021739130434783149e+00 -3.731104642041807029e-01 -9.277869267786331697e-01 4.021510256666977479e-01 2.314470700228026701e+00 2.724197564599998067e+00 1.617022297842281686e+00 -2.180667940490667700e+00 1.400000000000000000e+01 1.200000000000000000e+01
9.057971014492753881e+00 -4.064737047840478734e-01 -9.136624799777709471e-01 4.448838752729971091e-01 2.317687861179802411e+00 2.734085748189972964e+00 1.077110260549222653e+00 -1.493424084007941577e-01 1.100000000000000000e+01 9.000000000000000000e+00
9.094202898550724612e+00 -4.393034056135708965e-01 -8.983387544887053711e-01 4.890175375586495177e-01 2.320894705189382012e+00 2.744009823514078406e+00 6.298830688668899391e-01 1.455310099890674280e+00 1.600000000000000000e+01 1.100000000000000000e+01
9.130434782608695343e+00 -4.715564742363975714e-01 -8.818358643226854587e-01 5.347440417368231058e-01 2.324091298215009260e+00 2.753969920850698916e+00 1.295387983721962843e+00 -8.922467279192505263e-01 1.300000000000000000e+01 1.100000000000000000e+01
9.166666666666667851e+00 -5.031905750869560823e-01 -8.641754712693818785e-01 5.822782430376352014e-01 2.327277705584417156e+00 2.763966170951097201e+00 5.152889704228329482e-01 1.060672481621270258e+00 4.000000000000000000e+00 1.100000000000000000e+01
9.202898550724638582e+00 -5.341641850603749964e-01 -8.453807564634916449e-01 6.318622478407968091e-01 2.330453992002837982e+00 2.773998705041133661e+00 3.372668515381460619e-01 -4.060673850603174984e+00 5.000000000000000000e+00 1.000000000000000000e+01
9.239130434782609314e+00 -5.644366480159607180e-01 -8.254763899570395358e-01 6.837707957284347993e-01 2.333620221560887664e+00 2.784067654822984572e+00 5.581669704310803226e-01 5.502246460496776903e-01 9.000000000000000000e+00 9.000000000000000000e+00
9.275362318840580045e+00 -5.939682281426637012e-01 -8.044884983373377096e-01 7.383178620579869955e-01 2.336776457742324897e+00 2.794173152476875366e+00 1.445557346430351275e+00 -2.732054190900991664e+00 8.000000000000000000e+00 1.000000000000000000e+01
9.311594202898550776e+00 -6.227201621165585621e-01 -7.824446304330594515e-01 7.958648291469541114e-01 2.339922763431689923e+00 2.804315330662812578e+00 1.387997002932536361e+00 -4.806849887013319389e+00 7.000000000000000000e+00 9.000000000000000000e+00
9.347826086956521507e+00 -6.506547099817860946e-01 -7.593737211535027676e-01 8.568306906820919444e-01 2.343059200921820295e+00 2.814494322522327341e+00 8.030152852788150497e-01 -3.471174608238429271e-01 4.000000000000000000e+00 9.000000000000000000e+00
9.384057971014492239e+00 -6.777352046882609837e-01 -7.353060535084428029e-01 9.217049165507505970e-01 2.346185831921252074e+00 2.824710261680223322e+00 1.921908935278897390e+00 -2.808116021110750982e+00 7.000000000000000000e+00 9.000000000000000000e+00
9.420289855072464746e+00 -7.039261002210359663e-01 -7.102732188584925943e-01 9.910638350582086087e-01 2.349302717561505105e+00 2.834963282246329097e+00 1.029943861809379690e+00 -1.871890604814188119e+00 1.200000000000000000e+01 1.300000000000000000e+01
9.456521739130435478e+00 -7.291930182582163633e-01 -6.843080754480926897e-01 1.065591718730971582e+00 2.352409918404254174e+00 2.845253518817260296e+00 1.520646319750339703e+00 -3.967867296812987554e+00 3.000000000000000000e+00 1.000000000000000000e+01
9.492753623188406209e+00 -7.535027932961527730e-01 -6.574447052755807430e-01 1.146108238837070692e+00 2.355507494448388250e+00 2.855581106478185749e+00 1.248803717790155643e+00 5.233113647064181473e-01 9.000000000000000000e+00 1.200000000000000000e+01
9.528985507246376940e+00 -7.768235161826568813e-01 -6.297183693569796681e-01 1.233604661994995855e+00 2.358595505136964476e+00 2.865946180804601173e+00 1.705115535816161376e+00 -1.173023561688946170e-02 7.000000000000000000e+00 1.300000000000000000e+01
9.565217391304347672e+00 -7.991245760011592703e-01 -6.011654614421618747e-01 1.329292228605589932e+00 2.361674009364052029e+00 2.876348877864109088e+00 1.787213538360440612e+00 5.364499627831058326e-02 6.000000000000000000e+00 8.000000000000000000e+00
9.601449275362318403e+00 -8.203767002507585948e-01 -5.718234602442234804e-01 1.434667790475715909e+00 2.364743065481469841e+00 2.886789334218203606e+00 9.818025507525929285e-02 -1.103284896707309670e+00 8.000000000000000000e+00 1.100000000000000000e+01
9.637681159420290911e+00 -8.405519932694938134e-01 -5.417308802446845206e-01 1.551604355450145745e+00 2.367802731305425290e+00 2.897267686924065888e+00 1.938771026758481897e+00 2.167470432360670551e-01 5.000000000000000000e+00 8.000000000000000000e+00
9.673913043478261642e+00 -8.596239728503380917e-01 -5.109272211391766572e-01 1.682478320363706814e+00 2.370853064123048526e+00 2.907784073536360481e+00 1.036169689706190056e+00 2.007704983097898799e-01 1.100000000000000000e+01 1.100000000000000000e+01
9.710144927536232373e+00 -8.775676050019040053e-01 -4.794529159899042492e-01 1.830352002740520900e+00 2.373894120698827770e+00 2.918338632109043651e+00 5.886942743018772628e-01 4.745102686991242713e-01 6.000000000000000000e+00 1.000000000000000000e+01
9.746376811594203105e+00 -8.943593368082113360e-01 -4.473492781529623263e-01 1.999241712205027222e+00 2.376925957280947799e+00 2.928931501197173048e+00 1.541395510839767002e+00 4.690515691949705968e-01 8.000000000000000000e+00 1.100000000000000000e+01
9.782608695652173836e+00 -9.099771273443696407e-01 -4.146584470502064912e-01 2.194522103234015198e+00 2.379948629607533839e+00 2.939562819858729359e+00 2.138567496853394090e-02 -6.946879988225024283e-02 3.000000000000000000e+00 9.000000000000000000e+00
9.818840579710144567e+00 -9.244004766076377999e-01 -3.814233328567775416e-01 2.423555134092295837e+00 2.382962192912798205e+00 2.950232727656438403e+00 1.121378175759835116e-02 1.721179849509511861e+00 8.000000000000000000e+00 1.000000000000000000e+01
9.855072463768117075e+00 -9.376104524258357387e-01 -3.476875601769779944e-01 2.696704052191508882e+00 2.385966701933096790e+00 2.960941364659607444e+00 1.988422648309171592e+00 4.636844404536177855e-01 8.000000000000000000e+00 1.300000000000000000e+01
9.891304347826087806e+00 -9.495897153078288744e-01 -3.134954107823534342e-01 3.029038648247035059e+00 2.388962210912895401e+00 2.971688871445960167e+00 1.639297400189228870e+00 2.197862384065864649e+00 1.100000000000000000e+01 8.000000000000000000e+00
9.927536231884058537e+00 -9.603225412034483988e-01 -2.788917654871709839e-01 3.443352081499957862e+00 2.391948773610644174e+00 2.982475389103484087e+00 1.215221968459857083e+00 -3.946706226957876762e+00 4.000000000000000000e+00 1.200000000000000000e+01
9.963768115942029269e+00 -9.697948421429627430e-01 -2.439220452376251180e-01 3.975839253062196654e+00 2.394926443304568497e+00 2.993301059232282846e+00 4.011780647486189455e-01 3.211147632084609072e+00 6.000000000000000000e+00 1.300000000000000000e+01
1.000000000000000000e+01 -9.779941847290372081e-01 -2.086321514920119469e-01 4.687648465181467827e+00 2.397895272798370669e+00 3.004166023946433395e+00 2.973231581931186085e-01 -2.903419522332193470e-01 5.000000000000000000e+00 1.000000000000000000e+01
