X Y1 Y2 Y3 Y4 Y5 Y6 Y7 Y8 Y9 Y10
0.000000000000000000e+00 8.660254037844385966e-01 5.000000000000001110e-01 1.732050807568876749e+00 4.054651081081643849e-01 1.221402758160169855e+00 1.005722539278199879e+00 2.118844953777344831e+00 8.000000000000000000e+00 1.900000000000000000e+01
2.545454545454545539e-02 8.784707536977020004e-01 4.777961227320617343e-01 1.838589121809032445e+00 4.222924282406895213e-01 1.230318067320368858e+00 1.963913749576098322e+00 1.654823853887914531e+00 9.000000000000000000e+00 2.100000000000000000e+01
5.090909090909091078e-02 8.903469433757928986e-01 4.552826818816884669e-01 1.955591501297565094e+00 4.388412692651625924e-01 1.239298451442033988e+00 1.108458795931488439e+00 2.812615923095030945e-01 7.000000000000000000e+00 1.800000000000000000e+01
7.636363636363636964e-02 9.016462782484799821e-01 4.324742638824471963e-01 2.084855339492665216e+00 4.551206985540252603e-01 1.248344385522782707e+00 1.495486151566201016e-01 3.650482742795393420e+00 5.000000000000000000e+00 2.200000000000000000e+01
1.018181818181818216e-01 9.123614374891266809e-01 4.093856462832746179e-01 2.228611202596531005e+00 4.711393477096629256e-01 1.257456348027353066e+00 9.264447609021200236e-01 3.283106323640379021e-01 7.000000000000000000e+00 2.100000000000000000e+01
1.272727272727272874e-01 9.224854787578453674e-01 3.860317881741202051e-01 2.389661957946729753e+00 4.869054400483387446e-01 1.266634820912910797e+00 6.340529769971015028e-01 2.619754479797755220e+00 6.000000000000000000e+00 2.200000000000000000e+01
1.527272727272727393e-01 9.320118426994327132e-01 3.624278204939679893e-01 2.571579194525285050e+00 5.024268159509622800e-01 1.275880289654541810e+00 2.831647159830494420e+00 1.087567173439119905e+00 5.000000000000000000e+00 2.100000000000000000e+01
1.781818181818181912e-01 9.409343571931679806e-01 3.385890362275184584e-01 2.778986489571083407e+00 5.177109562763355655e-01 1.285193243270930319e+00 1.842071782002228097e-01 5.968145461842515598e-01 9.000000000000000000e+00 1.800000000000000000e+01
2.036363636363636431e-01 9.492472413517236696e-01 3.145308804968796612e-01 3.017977884563041613e+00 5.327650040119055186e-01 1.294574174350223483e+00 2.323034115114874343e+00 -5.644811562124151250e-01 6.000000000000000000e+00 1.800000000000000000e+01
2.290909090909090950e-01 9.569451092665962610e-01 2.902689405546901025e-01 3.296753374432413786e+00 5.475957843188736796e-01 1.304023579076087014e+00 3.140237429596156815e+00 -1.011151616613142012e+00 6.000000000000000000e+00 1.600000000000000000e+01
2.545454545454545747e-01 9.640229734976296649e-01 2.658189356851546892e-01 3.626615128124102139e+00 5.622098231124693646e-01 1.313541957253949288e+00 7.971397449093551302e-01 -4.458921021639320470e-01 3.000000000000000000e+00 2.000000000000000000e+01
2.800000000000000266e-01 9.704762483043729571e-01 2.411967070195385476e-01 4.023588299759655484e+00 5.766133643039937917e-01 1.323129812337436872e+00 2.928134422829116623e+00 2.417884919560094659e+00 5.000000000000000000e+00 2.100000000000000000e+01
3.054545454545454786e-01 9.763007526171760819e-01 2.164182072727142137e-01 4.511176600714163598e+00 5.908123858186560273e-01 1.332787651455004552e+00 1.759105859692111196e+00 -6.614339958011640208e-01 5.000000000000000000e+00 1.600000000000000000e+01
3.309090909090909305e-01 9.814927127461008372e-01 1.914994904074160953e-01 5.125301955937168863e+00 6.048126144920458191e-01 1.342515985436757875e+00 1.592542172546077772e+00 1.355086185396425558e+00 6.000000000000000000e+00 1.700000000000000000e+01
3.563636363636363824e-01 9.860487648258896565e-01 1.664567012328952433e-01 5.923755292052047317e+00 6.186195399381489990e-01 1.352315328841473319e+00 2.130356927126459077e+00 6.972974142871456449e-01 2.000000000000000000e+00 2.000000000000000000e+01
3.818181818181818343e-01 9.899659569954109006e-01 1.413060649447160089e-01 7.005827792195056247e+00 6.322384274729528908e-01 1.362186199983813406e+00 9.694212272337319192e-01 3.812033610742627587e+00 1.100000000000000000e+01 1.600000000000000000e+01
4.072727272727272863e-01 9.932417513101660100e-01 1.160638766124684473e-01 8.557716494569202581e+00 6.456743301697805970e-01 1.372129120961743443e+00 9.575144224349001476e-01 1.952534299487588498e+00 1.000000000000000000e+01 1.800000000000000000e+01
4.327272727272727382e-01 9.958740253866212866e-01 9.074649062221129547e-02 1.097424284463590283e+01 6.589321001154312407e-01 1.382144617684145427e+00 2.789885274401577853e-01 -8.621117788521489578e-01 6.000000000000000000e+00 1.900000000000000000e+01
4.581818181818181901e-01 9.978610737772976025e-01 6.537031008048384273e-02 1.526474438546692447e+01 6.720163989298719720e-01 1.392233219898635799e+00 9.202483141824635560e-01 -1.208773822715200286e+00 8.000000000000000000e+00 2.400000000000000000e+01
4.836363636363636420e-01 9.992016090757279700e-01 3.995177618674995018e-02 2.501019239808202244e+01 6.849317076065541965e-01 1.402395461219584138e+00 3.484565185233401419e+00 1.212128607823040660e+00 3.000000000000000000e+00 2.200000000000000000e+01
5.090909090909091494e-01 9.998947627505667679e-01 1.450735758116389156e-02 6.892328648801029090e+01 6.976823357253366664e-01 1.412631879156338810e+00 3.760225076594482463e+00 1.287811595864581049e+00 6.000000000000000000e+00 2.000000000000000000e+01
5.345454545454545459e-01 9.999400857083106109e-01 -1.094646032544371005e-02 -9.134825833918860383e+01 7.102724300854086348e-01 1.422943015141656442e+00 3.381606886403699885e+00 1.267586608556771965e+00 7.000000000000000000e+00 2.100000000000000000e+01
5.600000000000000533e-01 9.993375485842648231e-01 -3.639318603244567213e-02 -2.745946858550180281e+01 7.227059828014897880e-01 1.433329414560340132e+00 3.039974801244250902e+00 -8.325447340257738915e-01 1.000000000000000000e+01 1.700000000000000000e+01
5.854545454545454497e-01 9.980875417615694412e-01 -6.181633263424245878e-02 -1.614601674394204167e+01 7.349868389028541005e-01 1.443791626778086590e+00 3.559149681654588004e+00 -2.811016510013037983e+00 7.000000000000000000e+00 1.900000000000000000e+01
6.109090909090909571e-01 9.961908751182702026e-01 -8.719942850211176433e-02 -1.142428215678208048e+01 7.471187034713748787e-01 1.454330205170542900e+00 2.833085116324043362e-01 1.331759627110395972e+00 5.000000000000000000e+00 2.000000000000000000e+01
6.363636363636363535e-01 9.936487775025993896e-01 -1.125260279561568488e-01 -8.830390582077166428e+00 7.591051483517426979e-01 1.464945707152576881e+00 3.080337950899786570e+00 -1.805830059974569357e+00 4.000000000000000000e+00 1.800000000000000000e+01
6.618181818181818610e-01 9.904628959368061425e-01 -1.377797219204460188e-01 -7.188742161264479513e+00 7.709496184642653516e-01 1.475638694207759949e+00 3.437158020937395086e+00 -1.332266698899963631e+00 7.000000000000000000e+00 2.100000000000000000e+01
6.872727272727272574e-01 9.866352945500533878e-01 -1.629441485544340096e-01 -6.055052012011665319e+00 7.826554377481623748e-01 1.486409731918065580e+00 1.691710126925361823e+00 2.380191445104959502e+00 8.000000000000000000e+00 1.800000000000000000e+01
7.127272727272727648e-01 9.821684532410697166e-01 -1.880030038537806591e-01 -5.224216810944953160e+00 7.942258147610106178e-01 1.497259389993784717e+00 3.407694057825530365e+00 -1.716946485872324901e+00 6.000000000000000000e+00 2.400000000000000000e+01
7.381818181818181612e-01 9.770652660714266302e-01 -2.129400522136974394e-01 -4.588452270552118684e+00 8.056638479579369960e-01 1.508188242303658777e+00 9.980535253826561259e-02 1.040605489642030479e+00 5.000000000000000000e+00 1.800000000000000000e+01
7.636363636363636687e-01 9.713290393904788766e-01 -2.377391369479780470e-01 -4.085692628736279808e+00 8.169725306722913638e-01 1.519196866905234256e+00 1.308797275924022507e+00 -5.186073600851308640e-01 5.000000000000000000e+00 2.400000000000000000e+01
7.890909090909090651e-01 9.649634896931843508e-01 -2.623841907568970067e-01 -3.677673898376133454e+00 8.281547558178306012e-01 1.530285846075436718e+00 3.817400691728277451e+00 -1.003418526066818250e+00 4.000000000000000000e+00 2.000000000000000000e+01
8.145454545454545725e-01 9.579727412121908925e-01 -2.868592461371966551e-01 -3.339521922727286540e+00 8.392133203308899114e-01 1.541455766341369271e+00 3.761826317128345032e+00 -2.583684860652262216e-01 8.000000000000000000e+00 1.900000000000000000e+01
8.400000000000000799e-01 9.503613232457509552e-01 -3.111484457274135140e-01 -3.054366288168220311e+00 8.501509293696100089e-01 1.552707218511335974e+00 2.881894628168653050e-01 -1.012573593792568394e+00 7.000000000000000000e+00 2.100000000000000000e+01
8.654545454545454763e-01 9.421341672231939857e-01 -3.352360525818467996e-01 -2.810360520496747228e+00 8.609702002859885850e-01 1.564040797706091723e+00 3.573095099310344303e+00 -1.510023276132882675e+00 8.000000000000000000e+00 2.000000000000000000e+01
8.909090909090909838e-01 9.332966035098585467e-01 -3.591064603665071742e-01 -2.598941279300093665e+00 8.716736663853483780e-01 1.575457103390318192e+00 1.494113977939058202e+00 -1.128506437877603963e+00 9.000000000000000000e+00 2.000000000000000000e+01
9.163636363636363802e-01 9.238543579535550831e-01 -3.827442034704438001e-01 -2.413764466128346609e+00 8.822637804867288214e-01 1.586956739404333572e+00 3.293560691412822372e-01 6.484101638751973429e-01 6.000000000000000000e+00 1.700000000000000000e+01
9.418181818181818876e-01 9.138135481747946542e-01 -4.061339670258967693e-01 -2.250029848196681836e+00 8.927429182967210330e-01 1.598540313996029028e+00 3.942344692756156732e-01 -7.182525719601423608e-02 7.000000000000000000e+00 2.100000000000000000e+01
9.672727272727272840e-01 9.031806796031901508e-01 -4.292605968307825481e-01 -2.104038167657000358e+00 9.031133816083525279e-01 1.610208439853042517e+00 1.112973323448320784e+00 2.633207340389869699e+00 9.000000000000000000e+00 1.800000000000000000e+01
9.927272727272727915e-01 8.919626412625949463e-01 -4.521091091670851880e-01 -1.972892434982887799e+00 9.133774013357978117e-01 1.621961734135163979e+00 6.111708239928868025e-01 2.371215324776835942e+00 7.000000000000000000e+00 2.000000000000000000e+01
1.018181818181818299e+00 8.801667013077123514e-01 -4.746647005087911153e-01 -1.854291461666025098e+00 9.235371403949224067e-01 1.633800818506980335e+00 3.481141901921249282e+00 -1.289314608162156928e+00 5.000000000000000000e+00 2.000000000000000000e+01
1.043636363636363695e+00 8.678005023150656694e-01 -4.969127571130768639e-01 -1.746384027966482844e+00 9.335946964389646441e-01 1.645726319170755625e+00 2.590076855910222964e+00 1.538160695154416613e-01 7.000000000000000000e+00 1.800000000000000000e+01
1.069090909090909092e+00 8.548720563313819687e-01 -5.188388644885369994e-01 -1.647663879563264766e+00 9.435521044580109651e-01 1.657738866899552743e+00 1.279597575261040454e+00 -8.324559713220501811e-01 3.000000000000000000e+00 2.500000000000000000e+01
1.094545454545454488e+00 8.413897396825952280e-01 -5.404288167343175298e-01 -1.556892811095664353e+00 9.534113392503198448e-01 1.669839097070597855e+00 2.228524202461013015e+00 1.427818958387996773e+00 5.000000000000000000e+00 2.000000000000000000e+01
1.120000000000000107e+00 8.273622875468342741e-01 -5.616686257441032559e-01 -1.473043445235592275e+00 9.631743177730055505e-01 1.682027649698886407e+00 2.402625696405166877e+00 -1.201756107785352023e+00 6.000000000000000000e+00 2.100000000000000000e+01
1.145454545454545503e+00 8.127987882949103682e-01 -5.825445302689962190e-01 -1.395256063806129543e+00 9.728429013790762525e-01 1.694305169471035155e+00 3.505904739023506522e+00 7.158450049011095828e-01 4.000000000000000000e+00 2.000000000000000000e+01
1.170909090909090899e+00 7.977086776019718384e-01 -6.030430048334143311e-01 -1.322805622830053762e+00 9.824188979473607031e-01 1.706672305779381782e+00 3.466847549901466596e+00 -1.762584676754563429e+00 5.000000000000000000e+00 1.800000000000000000e+01
1.196363636363636296e+00 7.821017323341402649e-01 -6.231507684982316997e-01 -1.255076254208871589e+00 9.919040639114155011e-01 1.719129712756333639e+00 2.264360885510845467e+00 4.200611002272265360e+00 6.000000000000000000e+00 2.000000000000000000e+01
1.221818181818181914e+00 7.659880642140899365e-01 -6.428547934654847973e-01 -1.191541343395483787e+00 1.001300106193111716e+00 1.731678049308965850e+00 1.432566023588851767e+00 -2.995037423743136085e+00 6.000000000000000000e+00 2.200000000000000000e+01
1.247272727272727311e+00 7.493781132696745173e-01 -6.621423135190673825e-01 -1.131747810054575254e+00 1.010608684046222949e+00 1.744317979153872322e+00 2.813874720074360791e+00 -4.101712356443479202e+00 9.000000000000000000e+00 1.800000000000000000e+01
1.272727272727272707e+00 7.322826410698427546e-01 -6.810008322959494320e-01 -1.075303591922200930e+00 1.019831410814995287e+00 1.757050170852272775e+00 3.226869984738867547e+00 1.816029158919079345e+00 5.000000000000000000e+00 2.100000000000000000e+01
1.298181818181818326e+00 7.147127237522309384e-01 -6.994181313825567070e-01 -1.021867594909844579e+00 1.028969855612362760e+00 1.769875297845374007e+00 3.208280605105644945e+00 -2.830461266552652511e+00 9.000000000000000000e+00 1.900000000000000000e+01
1.323636363636363722e+00 6.966797448469461695e-01 -7.173822782310655954e-01 -9.711415600686873484e-01 1.038025544922170473e+00 1.782794038489990518e+00 3.698583202700311823e+00 5.251025416017773839e-01 4.000000000000000000e+00 2.000000000000000000e+01
1.349090909090909118e+00 6.781953879011881625e-01 -7.348816338904904377e-01 -9.228634335447966075e-01 1.046999964129504246e+00 1.795807076094424914e+00 8.384335186834652731e-01 -2.253965953412556955e-01 7.000000000000000000e+00 2.000000000000000000e+01
1.374545454545454515e+00 6.592716289094929794e-01 -7.519048605475454616e-01 -8.768019246868600236e-01 1.055894558982955367e+00 1.808915098954608558e+00 2.721241103777686465e+00 -4.195894986283348060e-02 6.000000000000000000e+00 1.800000000000000000e+01
1.400000000000000133e+00 6.399207285544986634e-01 -7.684409288724017850e-01 -8.327520106112883402e-01 1.064710736992428464e+00 1.822118800390509108e+00 2.506581777153686907e-01 -9.912051475845192750e-01 6.000000000000000000e+00 2.100000000000000000e+01
1.425454545454545530e+00 6.201552242632629719e-01 -7.844791251645782948e-01 -7.905312000917280590e-01 1.073449868765866677e+00 1.835418878782801411e+00 3.399891847742391171e+00 -1.555427803960181654e+00 0.000000000000000000e+00 2.400000000000000000e+01
1.450909090909090926e+00 5.999879220842780914e-01 -8.000090582943359951e-01 -7.499764107215058928e-01 1.082113289288074709e+00 1.848816037609806839e+00 1.198781771280076569e+00 -3.201524241396256798e+00 2.000000000000000000e+00 1.800000000000000000e+01
1.476363636363636322e+00 5.794318883904455708e-01 -8.150206664350801988e-01 -7.109413444997589870e-01 1.090702299144618470e+00 1.862310985484702641e+00 3.660265309137844092e+00 -3.132966403055084115e+00 6.000000000000000000e+00 2.000000000000000000e+01
1.501818181818181941e+00 5.585004414133879491e-01 -8.295042235824063859e-01 -6.732942708855348402e-01 1.099218165693611526e+00 1.875904436193001956e+00 3.920670332271027902e-01 1.124964103883844047e+00 5.000000000000000000e+00 1.700000000000000000e+01
1.527272727272727337e+00 5.372071426145811346e-01 -8.434503458555678845e-01 -6.369161448024023287e-01 1.107662124188027564e+00 1.889597108730307617e+00 3.147274286174933433e+00 -8.218102147748842512e-01 6.000000000000000000e+00 2.300000000000000000e+01
1.552727272727272734e+00 5.155657878988985088e-01 -8.568499975772818633e-01 -6.016990014082342908e-01 1.116035378851024218e+00 1.903389727340343507e+00 1.354136395215133071e-01 -1.845935133035052189e+00 7.000000000000000000e+00 2.100000000000000000e+01
1.578181818181818130e+00 4.935903986762588125e-01 -8.696944971279351178e-01 -5.675445806616963296e-01 1.124339103906618620e+00 1.917283021553259026e+00 2.983310396760362249e+00 -1.407583458674331656e+00 3.000000000000000000e+00 2.200000000000000000e+01
1.603636363636363749e+00 4.712952127771704580e-01 -8.819755225703951318e-01 -5.343631435526079443e-01 1.132574444567923999e+00 1.931277726224219338e+00 7.259242160392735954e-01 -5.431924539251861361e+00 6.000000000000000000e+00 2.100000000000000000e+01
1.629090909090909145e+00 4.486946752280578932e-01 -8.936851170417843271e-01 -5.020724488657666296e-01 1.140742517985022797e+00 1.945374581572270944e+00 1.348125680110374702e+00 2.135533229385482845e-01 1.100000000000000000e+01 2.200000000000000000e+01
1.654545454545454541e+00 4.258034288923424060e-01 -9.048156939087229622e-01 -4.705968649293754691e-01 1.148844414154442939e+00 1.959574333219495257e+00 2.015671825609227863e+00 2.171548751363774787e+00 5.000000000000000000e+00 2.300000000000000000e+01
1.680000000000000160e+00 4.026363049833487362e-01 -9.153600416827007979e-01 -4.398665952723748163e-01 1.156881196792085564e+00 1.973877732230447490e+00 3.086660841334135430e+00 -2.390528831494185269e+00 2.000000000000000000e+00 2.100000000000000000e+01
1.705454545454545556e+00 3.792083134551788581e-01 -9.253113286923914105e-01 -4.098170007180816365e-01 1.164853904171353705e+00 1.988285535151880890e+00 1.572186913540853936e-01 1.495692958305454290e-01 8.000000000000000000e+00 2.000000000000000000e+01
1.730909090909090953e+00 3.555346332777772345e-01 -9.346631075098859043e-01 -3.803880033576876318e-01 1.172763549928134807e+00 2.002798504052763384e+00 1.924066386236058079e+00 -2.564151520007566631e+00 6.000000000000000000e+00 1.800000000000000000e+01
1.756363636363636349e+00 3.316306026024943288e-01 -9.434093191279734336e-01 -3.515235602177771423e-01 1.180611123834195197e+00 2.017417406564586013e+00 3.836023484747128620e+00 -3.239317423719055622e+00 6.000000000000000000e+00 1.800000000000000000e+01
1.781818181818181968e+00 3.075117088245148400e-01 -9.515442968857660277e-01 -3.231711963709367752e-01 1.188397592540464842e+00 2.032143015921963336e+00 2.968874656581648175e+00 -1.079242735822299348e+00 4.000000000000000000e+00 1.900000000000000000e+01
1.807272727272727364e+00 2.831935785485914514e-01 -9.590627701401210903e-01 -2.952815888236556829e-01 1.196123900291605757e+00 2.046976111003534715e+00 1.421084479106129006e+00 -2.115499575307809632e+00 4.000000000000000000e+00 2.000000000000000000e+01
1.832727272727272760e+00 2.586919674645845602e-01 -9.659598676804861395e-01 -2.678081938184133648e-01 1.203790969613188544e+00 2.061917476373159364e+00 1.824862014173319391e+00 8.845375036302406402e-01 4.000000000000000000e+00 2.100000000000000000e+01
1.858181818181818157e+00 2.340227501393686016e-01 -9.722311208849502284e-01 -2.407069112603132666e-01 1.211399701972723397e+00 2.076967902321414261e+00 3.894533641689794212e+00 2.966359449701922932e-02 5.000000000000000000e+00 2.100000000000000000e+01
1.883636363636363775e+00 2.092019097317171505e-01 -9.778724666154592349e-01 -2.139357808649542114e-01 1.218950978415734188e+00 2.092128184907395827e+00 2.294879304343638626e+00 4.324361612507332531e-01 3.000000000000000000e+00 2.200000000000000000e+01
1.909090909090909172e+00 1.842455276368321904e-01 -9.828802498503188545e-01 -1.874547053569248223e-01 1.226445660177994501e+00 2.107399126000824463e+00 2.131553562863863327e+00 -2.717501582486324452e+00 7.000000000000000000e+00 2.200000000000000000e+01
1.934545454545454568e+00 1.591697730672257949e-01 -9.872512260522788852e-01 -1.612251966540450832e-01 1.233884589274993004e+00 2.122781533324459069e+00 2.521815946950560328e+00 1.462600887629080137e+00 7.000000000000000000e+00 2.100000000000000000e+01
1.959999999999999964e+00 1.339908925767051284e-01 -9.909825632706651399e-01 -1.352101414725986883e-01 1.241268589069632888e+00 2.138276220496818425e+00 8.635988788345998479e-01 7.310469516235421628e-01 4.000000000000000000e+00 1.500000000000000000e+01
1.985454545454545583e+00 1.087251995342476685e-01 -9.940718439761977443e-01 -1.093735832003416147e-01 1.248598464819127951e+00 2.153884007075216989e+00 2.990379157335430360e+00 -1.240144932180362369e+00 6.000000000000000000e+00 2.100000000000000000e+01
2.010909090909090757e+00 8.338906355458956809e-02 -9.965170666273049926e-01 -8.368051722066179032e-02 1.255875004201997713e+00 2.169605718599111999e+00 1.307018668128771210e+00 1.005457782740281525e+00 4.000000000000000000e+00 2.100000000000000000e+01
2.036363636363636598e+00 5.799889989236498011e-02 -9.983166469669206844e-01 -5.809669714371373805e-02 1.263098977826030200e+00 2.185442186633769879e+00 2.959653899546765832e+00 -3.116586664717503341e-01 0.000000000000000000e+00 2.200000000000000000e+01
2.061818181818181994e+00 3.257115880668858682e-02 -9.994694190489219476e-01 -3.258844961728068340e-02 1.270271139718024189e+00 2.201394248814250165e+00 6.434129502848451310e-02 2.928389519071334490e+00 4.000000000000000000e+00 2.100000000000000000e+01
2.087272727272727391e+00 7.122314903043326130e-03 -9.999746359935445250e-01 -7.122495558066639296e-03 1.277392227796098734e+00 2.217462748889709623e+00 3.319831655230677026e+00 -1.997657822670992234e+00 7.000000000000000000e+00 2.100000000000000000e+01
2.112727272727272787e+00 -1.833114354059444881e-02 -9.998319704712858025e-01 1.833422423165143381e-02 1.284462964325300272e+00 2.233648536768030546e+00 2.909365052392244078e+00 4.296617704395853110e+00 5.000000000000000000e+00 1.900000000000000000e+01
2.138181818181818183e+00 -4.377272525649298501e-02 -9.990415149149807217e-01 4.381472101308831607e-02 1.291484056357216748e+00 2.249952468560775021e+00 7.035182345625350386e-01 2.059834618755713997e-01 6.000000000000000000e+00 2.000000000000000000e+01
2.163636363636363580e+00 -6.918594667183938784e-02 -9.976037814599147957e-01 6.935212953041455797e-02 1.298456196154266662e+00 2.266375406628466038e+00 2.414101300574514219e+00 -1.054980275748800267e+00 3.000000000000000000e+00 2.100000000000000000e+01
2.189090909090908976e+00 -9.455434258842826400e-02 -9.955197016120124198e-01 9.497988079524646854e-02 1.305380061599298092e+00 2.282918219626203893e+00 2.897517410802457949e+00 -4.412732445415452898e-02 4.000000000000000000e+00 2.300000000000000000e+01
2.214545454545454817e+00 -1.198614768504456113e-01 -9.927906256443148614e-01 1.207318781567425364e-01 1.312256316591105421e+00 2.299581782549605879e+00 9.237464670536534861e-01 1.332595054465334661e+00 6.000000000000000000e+00 2.100000000000000000e+01
2.240000000000000213e+00 -1.450909529934360231e-01 -9.894183217221401705e-01 1.466426786406145877e-01 1.319085611426440652e+00 2.316366976781091935e+00 3.393175655379426559e+00 2.574276967420138451e+00 5.000000000000000000e+00 2.100000000000000000e+01
2.265454545454545610e+00 -1.702264248675539882e-01 -9.854049747574907814e-01 1.727476816416995409e-01 1.325868583169067527e+00 2.333274690136501128e+00 3.862109495497273670e+00 2.286496375209166931e+00 6.000000000000000000e+00 1.800000000000000000e+01
2.290909090909091006e+00 -1.952516072282164394e-01 -9.807531849934509882e-01 1.990833271976784336e-01 1.332605856006385148e+00 2.350305816912053203e+00 2.240609468175807084e+00 -1.725023183836807528e+00 8.000000000000000000e+00 1.900000000000000000e+01
2.316363636363636402e+00 -2.201502862872947719e-01 -9.754659663194928942e-01 2.256873062603490798e-01 1.339298041594116473e+00 2.367461257931645857e+00 2.843508565525221243e+00 3.993806566315697970e-01 4.000000000000000000e+00 2.100000000000000000e+01
2.341818181818181799e+00 -2.449063302180103374e-01 -9.695467443187806289e-01 2.525987856213013361e-01 1.345945739389539986e+00 2.384741920594507292e+00 3.979874625343925665e+00 -1.264422669401427113e+00 4.000000000000000000e+00 2.300000000000000000e+01
2.367272727272727195e+00 -2.695036996067272650e-01 -9.629993540487381543e-01 2.798586504483652204e-01 1.352549536973720601e+00 2.402148718923186710e+00 1.961486838222601392e+00 1.442584362076726912e+00 9.000000000000000000e+00 2.000000000000000000e+01
2.392727272727272592e+00 -2.939264578448710363e-01 -9.558280375563207309e-01 3.075097677573115362e-01 1.359110010363166143e+00 2.419682573611901422e+00 1.802502581615218258e+00 -3.339592523512021405e+00 8.000000000000000000e+00 1.600000000000000000e+01
2.418181818181818432e+00 -3.181587814542402581e-01 -9.480374411295964254e-01 3.355972745919726385e-01 1.365627724311331725e+00 2.437344412075236111e+00 5.675711999729009527e-01 -4.673653922568748342e+00 7.000000000000000000e+00 1.900000000000000000e+01
2.443636363636363829e+00 -3.421849703390175690e-01 -9.396326122874224529e-01 3.641688952302426507e-01 1.372103232600357714e+00 2.455135168497192932e+00 2.491532880616338819e+00 9.258698710642820906e-01 1.000000000000000000e+01 2.400000000000000000e+01
2.469090909090909225e+00 -3.659894579578495954e-01 -9.306189965091619110e-01 3.932752923921712385e-01 1.378537078323427423e+00 2.473055783880607539e+00 7.868472026120452156e-01 1.637924398000326409e+00 5.000000000000000000e+00 1.900000000000000000e+01
2.494545454545454621e+00 -3.895568214093884096e-01 -9.210024337065639832e-01 4.229704582230270349e-01 1.384929794158093586e+00 2.491107206096916826e+00 2.583695057243438509e+00 -2.648834097082237271e+00 7.000000000000000000e+00 1.600000000000000000e+01
2.520000000000000018e+00 -4.128717914247733156e-01 -9.107891544400923411e-01 4.533121517883974549e-01 1.391281902630929546e+00 2.509290389936297494e+00 3.883949715854697615e+00 -3.890472536807744852e+00 3.000000000000000000e+00 2.300000000000000000e+01
2.545454545454545414e+00 -4.359192622605733147e-01 -8.999857758821511178e-01 4.843623909870047872e-01 1.397593916373823797e+00 2.527606297158167870e+00 4.828552816991105168e-01 -1.399805844108657771e-01 6.000000000000000000e+00 2.200000000000000000e+01
2.570909090909090811e+00 -4.586843014857816536e-01 -8.885992975298262486e-01 5.161880082066863107e-01 1.403866338372238065e+00 2.546055896542056107e+00 1.472357227916565758e+00 -4.009025875448110732e+00 2.000000000000000000e+00 2.300000000000000000e+01
2.596363636363636651e+00 -4.811521596565214165e-01 -8.766370966699192913e-01 5.488612807788694203e-01 1.410099662205727800e+00 2.564640163938841866e+00 2.930677157620583451e+00 3.552435056153122050e-01 5.000000000000000000e+00 2.000000000000000000e+01
2.621818181818182047e+00 -5.033082798721940643e-01 -8.641069235992112629e-01 5.824606494018068625e-01 1.416294372281012404e+00 2.583360082322372797e+00 3.566730358394785583e+00 1.301337210454647897e+00 7.000000000000000000e+00 2.100000000000000000e+01
2.647272727272727444e+00 -5.251383072068794844e-01 -8.510168966030540183e-01 6.170715402984807696e-01 1.422450944057871425e+00 2.602216641841456735e+00 2.692378183462154073e+00 2.140053891248308027e+00 4.000000000000000000e+00 2.400000000000000000e+01
2.672727272727272840e+00 -5.466280980098761066e-01 -8.373754966955417878e-01 6.527873100741359291e-01 1.428569844268128941e+00 2.621210839872234022e+00 2.326638690163735479e+00 -1.467733261176537574e-01 6.000000000000000000e+00 2.100000000000000000e+01
2.698181818181818237e+00 -5.677637290693575700e-01 -8.231915621246717052e-01 6.897103361992067416e-01 1.434651531127978830e+00 2.640343681070928206e+00 5.880654419603104088e-02 1.538854758100562270e+00 6.000000000000000000e+00 2.100000000000000000e+01
2.723636363636363633e+00 -5.885315066332053036e-01 -8.084742826460526999e-01 7.279532809714150954e-01 1.440696454543892502e+00 2.659616177426989747e+00 5.654473081741961948e-02 1.414707452323905823e+00 6.000000000000000000e+00 2.000000000000000000e+01
2.749090909090909030e+00 -6.089179752811761936e-01 -7.932331935688727853e-01 7.676405629743817682e-01 1.446705056312341364e+00 2.679029348316618986e+00 3.371949504446236645e+00 1.915217875474506393e+00 4.000000000000000000e+00 2.100000000000000000e+01
2.774545454545454426e+00 -6.289099266426546597e-01 -7.774781695779828805e-01 8.089100778019640003e-01 1.452677770313552941e+00 2.698584220556687452e+00 3.079747097460276084e+00 -1.756612426198584709e+00 5.000000000000000000e+00 2.200000000000000000e+01
2.800000000000000266e+00 -6.484944079543414341e-01 -7.612194183360985189e-01 8.519152196246443376e-01 1.458615022699516928e+00 2.718281828459045091e+00 7.351376307061467941e-01 1.297100741845908622e+00 3.000000000000000000e+00 1.900000000000000000e+01
2.825454545454545663e+00 -6.676587304523323718e-01 -7.444674738702691252e-01 8.968272676593505022e-01 1.464517232076441244e+00 2.738123213885232055e+00 3.131549484422286866e+00 -3.785182808274497046e-01 5.000000000000000000e+00 1.700000000000000000e+01
2.850909090909091059e+00 -6.863904775931588542e-01 -7.272331897468894413e-01 9.438382176039767923e-01 1.470384809681856808e+00 2.758109426301581735e+00 3.583852181439746154e+00 -6.347189127253080043e-01 3.000000000000000000e+00 2.000000000000000000e+01
2.876363636363636456e+00 -7.046775130984496149e-01 -7.095277320396887744e-01 9.931641587464155041e-01 1.476218159556555554e+00 2.778241522834732358e+00 1.319973430453631025e+00 3.304308117102811582e-01 1.000000000000000000e+01 2.000000000000000000e+01
2.901818181818181852e+00 -7.225079888180129251e-01 -6.913625720952429887e-01 1.045049324305162619e+00 1.482017678711541997e+00 2.798520568327542701e+00 1.996339765782239262e+00 -1.304159644916507821e+00 4.000000000000000000e+00 1.900000000000000000e+01
2.927272727272727249e+00 -7.398703524062403281e-01 -6.727494791007019304e-01 1.099770977742356992e+00 1.487783757290173758e+00 2.818947635395409712e+00 2.193927022123251636e+00 2.757066363851378821e+00 5.000000000000000000e+00 1.900000000000000000e+01
2.952727272727272645e+00 -7.567533548068581251e-01 -6.537005124585459903e-01 1.157645344288830147e+00 1.493516778725651140e+00 2.839523804483008007e+00 8.174040794729848791e-01 -1.329867522671771551e+00 9.000000000000000000e+00 1.800000000000000000e+01
2.978181818181818485e+00 -7.731460575411789327e-01 -6.342280139733122990e-01 1.219034858926480780e+00 1.499217119894021399e+00 2.860250163921432165e+00 3.718971038023360709e+00 -6.072711573414145692e-01 4.000000000000000000e+00 1.900000000000000000e+01
3.003636363636363882e+00 -7.890378397951300915e-01 -6.143445998553536125e-01 1.284357085552485733e+00 1.504885151262842946e+00 2.881127809985765786e+00 1.247399499381114829e+00 5.152200125797737895e-01 3.000000000000000000e+00 1.700000000000000000e+01
3.029090909090909278e+00 -8.044184053004671542e-01 -5.940631525468090812e-01 1.354095775595311357e+00 1.510521237035663766e+00 2.902157846953065334e+00 3.790389349649506912e+00 -5.020967833464994312e-01 4.000000000000000000e+00 1.900000000000000000e+01
3.054545454545454675e+00 -8.192777890057149071e-01 -5.733968123750839974e-01 1.428814690497074658e+00 1.516125735292448651e+00 2.923341387160767635e+00 1.503754585220717033e+00 4.696023017400494659e+00 5.000000000000000000e+00 2.000000000000000000e+01
3.080000000000000071e+00 -8.336063635325130505e-01 -5.523589690392468610e-01 1.509175029750051245e+00 1.521698998126093549e+00 2.944679551065524148e+00 3.517662923670492603e-01 -3.255648858254725386e+00 7.000000000000000000e+00 1.600000000000000000e+01
3.105454545454545467e+00 -8.473948454131844388e-01 -5.309632529348573549e-01 1.595957612375765278e+00 1.527241371775158729e+00 2.966173467302466449e+00 3.960587961466703888e-01 2.999494063067712490e-01 6.000000000000000000e+00 1.900000000000000000e+01
3.130909090909090864e+00 -8.606343011054831127e-01 -5.092235263228482856e-01 1.690091397230221615e+00 1.532753196752940417e+00 2.987824272744902476e+00 3.293065443152540794e+00 -1.593319339997424366e+00 4.000000000000000000e+00 1.700000000000000000e+01
3.156363636363636260e+00 -8.733161527806271307e-01 -4.871538743481821365e-01 1.792690561989545683e+00 1.538234807973008600e+00 3.009633112564448876e+00 1.621008700048558016e+00 1.692637854423929833e-01 3.000000000000000000e+00 1.900000000000000000e+01
3.181818181818182101e+00 -8.854321838808638656e-01 -4.647685959141001355e-01 1.905103295844265743e+00 1.543686534871319793e+00 3.031601140291602103e+00 1.419382050541160289e+00 1.156179682029056410e+00 5.000000000000000000e+00 2.100000000000000000e+01
3.207272727272727497e+00 -8.969745444429680914e-01 -4.420821944178817686e-01 2.028976863960948673e+00 1.549108701525020892e+00 3.053729517876751842e+00 8.234412360594949298e-01 2.551510261508856736e+00 7.000000000000000000e+00 2.000000000000000000e+01
3.232727272727272894e+00 -9.079357561842263946e-01 -4.191093683541051162e-01 2.166345648034076810e+00 1.554501626768048705e+00 3.076019415751639396e+00 3.633432340962252649e+00 2.546508936120353894e+00 6.000000000000000000e+00 2.200000000000000000e+01
3.258181818181818290e+00 -9.183087173476068843e-01 -3.958650017915111285e-01 2.319752221569840511e+00 1.559865624303629295e+00 3.098472012891267280e+00 2.154157753762483640e+00 5.362700986293256200e-01 1.000000000000000000e+01 1.800000000000000000e+01
3.283636363636363686e+00 -9.280867073029799297e-01 -3.723641547296314136e-01 2.492416886842534929e+00 1.565201002813775943e+00 3.121088496876255558e+00 2.157198880121678375e+00 -2.547871717897538080e+00 2.000000000000000000e+00 2.100000000000000000e+01
3.309090909090909083e+00 -9.372633909014074227e-01 -3.486220533414309819e-01 2.688479922363021135e+00 1.570508066065883002e+00 3.143870063955657823e+00 2.099517326934767780e-01 2.117311281862309935e-01 5.000000000000000000e+00 2.100000000000000000e+01
3.334545454545454479e+00 -9.458328225796784894e-01 -3.246540801082875571e-01 2.913355723926827956e+00 1.575787113016503094e+00 3.166817919110233692e+00 3.760144386935981853e+00 8.243081053153603066e-02 5.000000000000000000e+00 2.200000000000000000e+01
3.360000000000000320e+00 -9.537894502124335538e-01 -3.004757638536987296e-01 3.174264166865826020e+00 1.581038437912402506e+00 3.189933276116184491e+00 1.616804440583061275e+00 -1.975012283848453398e+00 4.000000000000000000e+00 2.000000000000000000e+01
3.385454545454545716e+00 -9.611281187093800860e-01 -2.761027696821743427e-01 3.481052072805165043e+00 1.586262330388974684e+00 3.213217357609353009e+00 2.406172748839317865e+00 -3.033151133389156762e+00 7.000000000000000000e+00 2.000000000000000000e+01
3.410909090909091113e+00 -9.678440733552700070e-01 -2.515508888298325640e-01 3.847508064302609387e+00 1.591459075566099113e+00 3.236671395149890884e+00 1.135898337399813940e+00 2.131951643610302816e-01 3.000000000000000000e+00 2.000000000000000000e+01
3.436363636363636509e+00 -9.739329628904744851e-01 -2.268360284332753274e-01 4.293554994844924089e+00 1.596628954141519285e+00 3.260296629287400716e+00 2.571660521171192038e+00 -2.328796569105151537e+00 6.000000000000000000e+00 2.000000000000000000e+01
3.461818181818181905e+00 -9.793908423301602717e-01 -2.019742012233719519e-01 4.849088826186320311e+00 1.601772242481821928e+00 3.284094309626550690e+00 2.330279832272800888e+00 1.861572500748393644e+00 9.000000000000000000e+00 1.600000000000000000e+01
3.487272727272727302e+00 -9.842141755202410414e-01 -1.769815151506285433e-01 5.561112835329603321e+00 1.606889212711086534e+00 3.308065694893171038e+00 1.346642946254519302e-01 3.630678216467800201e+00 6.000000000000000000e+00 1.700000000000000000e+01
3.512727272727272698e+00 -9.883998374284476141e-01 -1.518741629488645217e-01 6.508018337268059561e+00 1.611980132797280030e+00 3.332212053000832785e+00 1.668379638636150020e+00 -2.570386669138410296e-01 1.100000000000000000e+01 1.900000000000000000e+01
3.538181818181818095e+00 -9.919451161690332475e-01 -1.266684116439581731e-01 7.831037772520667239e+00 1.617045266636461864e+00 3.356534661117907437e+00 3.521735522983730604e+00 -1.983256518307450200e+00 1.200000000000000000e+01 1.900000000000000000e+01
3.563636363636363935e+00 -9.948477147598008274e-01 -1.013805920144575934e-01 9.812999657941714915e+00 1.622084874134867905e+00 3.381034805735122273e+00 3.671133900313054976e+00 -4.505989883691779996e-01 6.000000000000000000e+00 1.600000000000000000e+01
3.589090909090909332e+00 -9.971057526103157542e-01 -7.602708801089078094e-02 1.311513802116795269e+01 1.627099211288937086e+00 3.405713782733608141e+00 2.093196833347782171e+00 -6.673830466575504383e-01 8.000000000000000000e+00 2.000000000000000000e+01
3.614545454545454728e+00 -9.987177667403381864e-01 -5.062432614061681407e-02 1.972802095115788035e+01 1.632088530263340331e+00 3.430572897453438852e+00 3.926297116517609709e+00 1.467633810924175553e+00 1.100000000000000000e+01 2.100000000000000000e+01
3.640000000000000124e+00 -9.996827127276859404e-01 -2.518876482511332379e-02 3.968764326748556215e+01 1.637053079467073902e+00 3.455613464762675502e+00 6.638951252042408768e-01 -2.933432712044731439e+00 5.000000000000000000e+00 1.900000000000000000e+01
3.665454545454545521e+00 -9.999999653849153125e-01 2.631162634175857919e-04 -3.800601119809300144e+03 1.641993103627671369e+00 3.480836809126914844e+00 1.387767201973209019e-01 1.702148844595429145e+00 4.000000000000000000e+00 1.600000000000000000e+01
3.690909090909090917e+00 -9.996693191643786225e-01 2.571482687921080451e-02 -3.887521093803524508e+01 1.646908843863594152e+00 3.506244264679342137e+00 3.431724518068564045e+00 -1.080681895312099128e+00 7.000000000000000000e+00 1.700000000000000000e+01
3.716363636363636314e+00 -9.986909882913982406e-01 5.114987688695032259e-02 -1.952479749850953539e+01 1.651800537754848364e+00 3.531837175291299147e+00 7.791086661230610666e-01 -2.346627682435724893e-01 5.000000000000000000e+00 2.100000000000000000e+01
3.741818181818182154e+00 -9.970656066254710570e-01 7.655178694570975717e-02 -1.302472021107209699e+01 1.656668419411885695e+00 3.557616894643362837e+00 2.972274610676019169e+00 7.597752435069404786e-01 1.200000000000000000e+01 1.600000000000000000e+01
3.767272727272727550e+00 -9.947942272495907678e-01 1.019040991858992523e-01 -9.762062912060391895e+00 1.661512719542833860e+00 3.583584786296947655e+00 3.916876423847752253e+00 -5.157996359111615137e-01 1.000000000000000000e+01 2.100000000000000000e+01
3.792727272727272947e+00 -9.918783217879568737e-01 1.271903878723010251e-01 -7.798374848764526135e+00 1.666333665519106555e+00 3.609742223766426061e+00 3.811847336760091576e+00 1.442111367620566353e+00 8.000000000000000000e+00 1.800000000000000000e+01
3.818181818181818343e+00 -9.883197794525109270e-01 1.523942700462851685e-01 -6.485281757328136720e+00 1.671131481439440236e+00 3.636090590591778415e+00 3.982892922256166646e+00 1.420141307579400936e+00 8.000000000000000000e+00 1.700000000000000000e+01
3.843636363636363740e+00 -9.841209058189186454e-01 1.774994161403105897e-01 -5.544361368721269834e+00 1.675906388192400787e+00 3.662631280411773993e+00 1.807385620599683662e+00 5.915544802698562421e-01 4.000000000000000000e+00 2.100000000000000000e+01
3.869090909090909136e+00 -9.792844213327890346e-01 2.024895605578337365e-01 -4.836221771803846714e+00 1.680658603517406036e+00 3.689365697037681802e+00 4.333296701989381994e-01 2.276501588504116838e-02 7.000000000000000000e+00 1.900000000000000000e+01
3.894545454545454533e+00 -9.738134595471015231e-01 2.273485122117708535e-01 -4.283350922657512605e+00 1.685388342064305212e+00 3.716295254527522296e+00 1.830457284891617853e-01 -5.606536627790802835e-02 1.200000000000000000e+01 1.700000000000000000e+01
3.919999999999999929e+00 -9.677115650919800860e-01 2.520601650146854222e-01 -3.839208647013302222e+00 1.690095815451554850e+00 3.743421377260862659e+00 3.992749358220889722e+00 3.226199368469245155e+00 4.000000000000000000e+00 1.500000000000000000e+01
3.945454545454545769e+00 -9.609826913781309710e-01 2.766085083139052658e-01 -3.474161721329169339e+00 1.694781232323033127e+00 3.770745500014154761e+00 1.782732851445940625e-01 -1.364766297775792114e-01 4.000000000000000000e+00 2.100000000000000000e+01
3.970909090909091166e+00 -9.536311980354335027e-01 3.009776372648036435e-01 -3.168445359269060013e+00 1.699444798403528578e+00 3.798269068036626006e+00 9.828104775408292859e-01 -2.380296324999440216e+00 2.000000000000000000e+00 2.000000000000000000e+01
3.996363636363636562e+00 -9.456618480883389743e-01 3.251517631355353433e-01 -2.908370660423428067e+00 1.704086716552941416e+00 3.825993537126720412e+00 1.205177487127439218e+00 -1.331051074374273446e-01 2.000000000000000000e+00 2.200000000000000000e+01
4.021818181818181515e+00 -9.370798048699136018e-01 3.491152235365347911e-01 -2.684156237523249722e+00 1.708707186819232060e+00 3.853920373709101010e+00 7.140136019437206549e-01 -3.195597077942223585e+00 3.000000000000000000e+00 2.100000000000000000e+01
4.047272727272727799e+00 -9.278906286765190581e-01 3.728524925681658830e-01 -2.488626594086345012e+00 1.713306406490153089e+00 3.882051054912212695e+00 2.874464699075712115e+00 3.183202625153132015e+00 1.000000000000000000e+00 1.800000000000000000e+01
4.072727272727273196e+00 -9.181002731653057358e-01 3.963481908799269537e-01 -2.316398293952205201e+00 1.717884570143795253e+00 3.910387068646415276e+00 1.861637366127736115e+00 -8.733226656533239485e-01 6.000000000000000000e+00 2.000000000000000000e+01
4.098181818181818592e+00 -9.077150814968414361e-01 4.195870956347233505e-01 -2.163353189219775263e+00 1.722441869697983741e+00 3.938929913682676087e+00 2.037702041619247950e+00 -1.134837146156041365e+00 6.000000000000000000e+00 1.900000000000000000e+01
4.123636363636363988e+00 -8.967417822253865856e-01 4.425541503717226877e-01 -2.026287136776752984e+00 1.726978494458553115e+00 3.967681099731850125e+00 2.656736939309891632e+00 2.196748006389993790e+00 6.000000000000000000e+00 1.900000000000000000e+01
4.149090909090909385e+00 -8.851874849394705258e-01 4.652344747614202136e-01 -1.902669584822597404e+00 1.731494631166530906e+00 3.996642147524529953e+00 3.607886350442962797e+00 -5.702645774363326314e-01 5.000000000000000000e+00 1.700000000000000000e+01
4.174545454545454781e+00 -8.730596756555973892e-01 4.876133742465879051e-01 -1.790475244869079274e+00 1.735990464044262938e+00 4.025814588891482693e+00 2.824716274286019679e+00 5.625146883650633534e-01 9.000000000000000000e+00 2.000000000000000000e+01
4.200000000000000178e+00 -8.603662119680639542e-01 5.096763495628616747e-01 -1.688063832481105697e+00 1.740466174840504587e+00 4.055199966844674542e+00 2.715074376103015830e+00 1.183891142954192954e+00 6.000000000000000000e+00 1.900000000000000000e+01
4.225454545454545574e+00 -8.471153179580330761e-01 5.314091061327991250e-01 -1.594092589272150917e+00 1.744921942874507970e+00 4.084799835658879275e+00 6.534645283575217789e-01 -1.203427145399988740e+00 6.000000000000000000e+00 1.800000000000000000e+01
4.250909090909090970e+00 -8.333155788651601670e-01 5.527975633273205514e-01 -1.507451613660135248e+00 1.749357945079132337e+00 4.114615760953894252e+00 1.390277951132183443e+00 -3.289661977346946209e+00 6.000000000000000000e+00 2.200000000000000000e+01
4.276363636363636367e+00 -8.189759355252267392e-01 5.738278635885326606e-01 -1.427215350616851897e+00 1.753774356042999472e+00 4.144649319777347962e+00 2.312597480521828341e+00 4.457773701194148730e-01 3.000000000000000000e+00 2.300000000000000000e+01
4.301818181818181763e+00 -8.041056785773816884e-01 5.944863814080255660e-01 -1.352605717683352804e+00 1.758171348051726923e+00 4.174902100688111517e+00 1.263222808671738306e+00 8.000649618478984371e-01 4.000000000000000000e+00 1.900000000000000000e+01
4.327272727272727160e+00 -7.887144424447473101e-01 6.147597321548242677e-01 -1.282963735572246966e+00 1.762549091128253753e+00 4.205375703840330992e+00 2.161755794255721952e+00 1.150820475617506222e+00 7.000000000000000000e+00 2.100000000000000000e+01
4.352727272727272556e+00 -7.728121990922864892e-01 6.346347807472768610e-01 -1.217727459220414810e+00 1.766907753072291420e+00 4.236071741068052177e+00 2.901141702173739567e-01 -5.313208703149278733e+00 1.000000000000000000e+01 2.200000000000000000e+01
4.378181818181817953e+00 -7.564092515659778249e-01 6.540986501632588546e-01 -1.156414634668918584e+00 1.771247499498916467e+00 4.266991835970483926e+00 2.170327524219536119e+00 7.496420088461318298e-02 8.000000000000000000e+00 1.800000000000000000e+01
4.403636363636363349e+00 -7.395162273174835654e-01 6.731387297831822325e-01 -1.098608941362921421e+00 1.775568493876329201e+00 4.298137623997870804e+00 1.286873770248147864e+00 -1.763985455497392829e+00 1.000000000000000000e+01 2.500000000000000000e+01
4.429090909090909634e+00 -7.221440713186345617e-01 6.917426835604022495e-01 -1.043948983459797919e+00 1.779870897562802590e+00 4.329510752537996332e+00 3.446881276204770028e+00 -8.811583428821920250e-02 7.000000000000000000e+00 2.000000000000000000e+01
4.454545454545455030e+00 -7.043040389701977766e-01 7.098984580137260858e-01 -9.921194095009288061e-01 1.784154869842835778e+00 4.361112881003323061e+00 1.677949951290846897e-02 -2.462747367223680151e+00 5.000000000000000000e+00 2.300000000000000000e+01
4.480000000000000426e+00 -6.860076888095105740e-01 7.275942900368539412e-01 -9.428436949041519854e-01 1.788420567962540453e+00 4.392945680918757034e+00 3.308127744981842255e+00 3.762292017284469825e-01 6.000000000000000000e+00 2.000000000000000000e+01
4.505454545454545823e+00 -6.672668750217196632e-01 7.448187145196800696e-01 -8.958782345473526032e-01 1.792668147164273140e+00 4.425010836010059734e+00 2.710391580023798763e+00 5.860407495128563404e-01 6.000000000000000000e+00 2.200000000000000000e+01
4.530909090909091219e+00 -6.480937397594667138e-01 7.615605717765255855e-01 -8.510074756727887824e-01 1.796897760720535864e+00 4.457310042292911945e+00 2.215496116723182585e+00 -3.942782637909098692e-02 6.000000000000000000e+00 1.600000000000000000e+01
4.556363636363636616e+00 -6.285007052760015478e-01 7.778090147764865625e-01 -8.080398829738548727e-01 1.801109559967163154e+00 4.489845008162613560e+00 2.399465709259876345e+00 6.213571193074118870e-01 7.000000000000000000e+00 2.000000000000000000e+01
4.581818181818182012e+00 -6.085004658768173869e-01 7.935535161712133911e-01 -7.668045739533086991e-01 1.805303694335812281e+00 4.522617454484449517e+00 1.931462657040010633e-01 1.352390799634147545e+00 4.000000000000000000e+00 1.600000000000000000e+01
4.607272727272727408e+00 -5.881059796950244278e-01 8.087838751155684847e-01 -7.271484976267473810e-01 1.809480311385776252e+00 4.555629114684707659e+00 1.970597056334290720e+00 -2.889533076373905551e+00 7.000000000000000000e+00 1.900000000000000000e+01
4.632727272727272805e+00 -5.673304602957901510e-01 8.234902238767422000e-01 -6.889340563449197763e-01 1.813639556835133559e+00 4.588881734842367166e+00 3.423316948275560989e-01 2.798415270674859734e+00 5.000000000000000000e+00 2.200000000000000000e+01
4.658181818181818201e+00 -5.461873681152840110e-01 8.376630342275461771e-01 -6.520370910469417414e-01 1.817781574591255112e+00 4.622377073781453127e+00 1.590734033455238450e+00 1.686167782819604444e+00 9.000000000000000000e+00 2.000000000000000000e+01
4.683636363636363598e+00 -5.246904017396766262e-01 8.512931236197416318e-01 -6.163451661733931886e-01 1.821906506780678781e+00 4.656116903164066123e+00 2.366723725444213944e+00 -1.023030837513067448e+00 9.000000000000000000e+00 2.000000000000000000e+01
4.709090909090908994e+00 -5.028534890298400617e-01 8.643716611334019140e-01 -5.817561028903661668e-01 1.826014493778373771e+00 4.690103007584089490e+00 1.442185228218573201e+00 -1.531361064940244709e+00 8.000000000000000000e+00 1.400000000000000000e+01
4.734545454545454390e+00 -4.806907780975028244e-01 8.768901731984555248e-01 -5.481767190344760676e-01 1.830105674236403690e+00 4.724337184661581368e+00 2.226444416262038928e+00 -1.810308029164321875e+00 3.000000000000000000e+00 2.200000000000000000e+01
4.759999999999999787e+00 -4.582166281387031193e-01 8.888405490847036683e-01 -5.155217419036050019e-01 1.834180185112007200e+00 4.758821245137854206e+00 1.249460479781487443e+00 2.617602204924268428e+00 8.000000000000000000e+00 2.200000000000000000e+01
4.785454545454545183e+00 -4.354456001304821133e-01 9.002150461567526296e-01 -4.837128661529379037e-01 1.838238161695107786e+00 4.793557012971254139e+00 1.423053368242445771e+00 -3.261008622993105011e+00 5.000000000000000000e+00 1.800000000000000000e+01
4.810909090909091468e+00 -4.123924473968417770e-01 9.110062948904595892e-01 -4.526779339613984932e-01 1.842279737635269754e+00 4.828546325433634046e+00 1.977717601477202436e-01 1.293485240378795975e+00 7.000000000000000000e+00 2.000000000000000000e+01
4.836363636363636864e+00 -3.890721060500858530e-01 9.212073036476375876e-01 -4.223502185767582517e-01 1.846305044968107767e+00 4.863791033207529146e+00 2.149276182813325775e+00 1.280740221269179857e-01 8.000000000000000000e+00 2.100000000000000000e+01
4.861818181818182261e+00 -3.654996853137241763e-01 9.308114632059322213e-01 -3.926677955327900760e-01 1.850314214141171476e+00 4.899293000484044924e+00 2.699398319209211472e+00 2.452296666707237893e+00 6.000000000000000000e+00 2.000000000000000000e+01
4.887272727272727657e+00 -3.416904577332267601e-01 9.398125510409285344e-01 -3.635729884164382031e-01 1.854307374039310563e+00 4.935054105061464469e+00 3.528336650502679639e+00 -1.650658746095936324e+00 7.000000000000000000e+00 1.800000000000000000e+01
4.912727272727273053e+00 -3.176598492809574736e-01 9.482047353577176541e-01 -3.350118781690304970e-01 1.858284652009535520e+00 4.971076238444563700e+00 1.683674047605051793e+00 3.893631542044009158e-02 2.000000000000000000e+00 2.100000000000000000e+01
4.938181818181818450e+00 -2.934234293617035139e-01 9.559825788693104842e-01 -3.069338666283547012e-01 1.862246173885387268e+00 5.007361305944665553e+00 1.455461376916393323e+00 -1.838789180403297197e+00 5.000000000000000000e+00 2.100000000000000000e+01
4.963636363636363846e+00 -2.689969007252752120e-01 9.631410423194499693e-01 -2.792912864324346711e-01 1.866192064010824714e+00 5.043911226780410928e+00 1.425558964328097478e+00 4.066693207031196744e-01 8.000000000000000000e+00 2.200000000000000000e+01
4.989090909090909243e+00 -2.443960892927115602e-01 9.696754877475396439e-01 -2.520390505698143491e-01 1.870122445263643796e+00 5.080727934179273042e+00 1.796692010326406130e+00 3.850609777817225243e+00 3.000000000000000000e+00 2.200000000000000000e+01
5.014545454545454639e+00 -2.196369339026836565e-01 9.755816814935733827e-01 -2.251343358215059931e-01 1.874037439078437117e+00 5.117813375479812521e+00 1.578273097941192304e+00 1.216446618628025833e+00 8.000000000000000000e+00 1.700000000000000000e+01
5.040000000000000036e+00 -1.947354759847383932e-01 9.808557969411189070e-01 -1.985362951333287940e-01 1.877937165469107272e+00 5.155169512234680340e+00 2.986496977608235959e+00 -3.699155919500042966e+00 5.000000000000000000e+00 2.100000000000000000e+01
5.065454545454545432e+00 -1.697078491660739819e-01 9.854944169965779155e-01 -1.722057946135105155e-01 1.881821743050941187e+00 5.192798320314363281e+00 9.238487256565521832e-01 -2.001783851221724753e+00 1.000000000000000000e+01 1.900000000000000000e+01
5.090909090909090828e+00 -1.445702688185807328e-01 9.894945363031184549e-01 -1.461051713925720641e-01 1.885691289062258580e+00 5.230701790011698549e+00 3.455079642868351897e+00 3.149420884063149018e+00 9.000000000000000000e+00 2.000000000000000000e+01
5.116363636363636225e+00 -1.193390215529192971e-01 9.928535631878407930e-01 -1.201980090293952030e-01 1.889545919385643202e+00 5.268881926147141570e+00 3.871557443468355508e+00 -2.574952412189508877e+00 6.000000000000000000e+00 1.900000000000000000e+01
5.141818181818181621e+00 -9.403045466644358030e-02 9.955693213409209097e-01 -9.444892751395254915e-02 1.893385748568765958e+00 5.307340748174809164e+00 3.966235534308684141e+00 -1.832710731322217290e+00 8.000000000000000000e+00 2.000000000000000000e+01
5.167272727272727018e+00 -6.866096555180480066e-02 9.976400512256381470e-01 -6.882338521539128895e-02 1.897210889844809456e+00 5.346080290289299874e+00 5.314761822067546326e-01 2.634824922156218108e+00 3.000000000000000000e+00 1.900000000000000000e+01
5.192727272727273302e+00 -4.324699107309790819e-02 9.990644112183775238e-01 -4.328749036346656032e-02 1.901021455152504647e+00 5.385102601533274580e+00 7.147564946822240195e-01 1.788480779817177568e+00 3.000000000000000000e+00 2.000000000000000000e+01
5.218181818181818699e+00 -1.780499691643898028e-02 9.998414784778663078e-01 -1.780781983914576580e-02 1.904817555155785547e+00 5.424409745905848013e+00 2.345595540786006072e+00 1.077210996821606148e+00 5.000000000000000000e+00 1.800000000000000000e+01
5.243636363636364095e+00 7.648533078140052482e-03 9.999707495430817383e-01 7.648756807771536770e-03 1.908599299263074256e+00 5.464003802471754767e+00 3.848799332518028304e+00 1.064157235329633577e+00 5.000000000000000000e+00 2.200000000000000000e+01
5.269090909090909491e+00 3.309710759654966444e-02 9.994521406594426560e-01 3.311525009562944766e-02 1.912366795646200268e+00 5.503886865471313783e+00 5.144845109507887315e-01 -9.165651287787617285e-01 9.000000000000000000e+00 2.000000000000000000e+01
5.294545454545454888e+00 5.852423853534789722e-02 9.982859878330746506e-01 5.862472202217652861e-02 1.916120151258967397e+00 5.544061044431208174e+00 3.019788380384929027e+00 1.873215914407190485e+00 4.000000000000000000e+00 2.100000000000000000e+01
5.320000000000000284e+00 8.391345168436444013e-02 9.964730466131113129e-01 8.421045804457620576e-02 1.919859471855370758e+00 5.584528464276053761e+00 1.534094538205968306e+00 -4.130385322451312624e-01 1.100000000000000000e+01 2.000000000000000000e+01
5.345454545454545681e+00 1.092482974003232549e-01 9.940144916021750321e-01 1.099061415334442182e-01 1.923584862007477359e+00 5.625291265440797162e+00 5.428163746290910474e-01 -3.632722235497036767e+00 9.000000000000000000e+00 1.700000000000000000e+01
5.370909090909091077e+00 1.345123612645484079e-01 9.909119156953536400e-01 1.357460326533230788e-01 1.927296425122972279e+00 5.666351603983928342e+00 1.263551230687967930e+00 -1.582091347202374321e+00 5.000000000000000000e+00 1.900000000000000000e+01
5.396363636363636473e+00 1.596892747178478844e-01 9.871673290481648433e-01 1.617651537068408030e-01 1.930994263462382454e+00 5.707711651701523614e+00 2.852842413125121102e+00 2.231698192193337427e+00 1.000000000000000000e+00 2.000000000000000000e+01
5.421818181818181870e+00 1.847627256656849959e-01 9.827831577741790170e-01 1.879994831048368842e-01 1.934678478155980708e+00 5.749373596242110196e+00 3.557411278671117394e+00 -1.447483301618330165e+00 1.000000000000000000e+00 2.000000000000000000e+01
5.447272727272727266e+00 2.097164690467666071e-01 9.777622423731429091e-01 2.144861602936929956e-01 1.938349169220383361e+00 5.791339641222386980e+00 2.937182849930816797e+00 1.887139988736390439e+00 9.000000000000000000e+00 2.300000000000000000e+01
5.472727272727272663e+00 2.345343373582004232e-01 9.721078358906226624e-01 2.412637041890784428e-01 1.942006435574839873e+00 5.833612006343772194e+00 2.458612911314097982e+00 -1.544995027220396278e+00 7.000000000000000000e+00 1.800000000000000000e+01
5.498181818181818059e+00 2.592002511304022927e-01 9.658236018103597553e-01 2.683722479390149296e-01 1.945650375057229597e+00 5.876192927509812591e+00 3.905186599634759670e+00 -4.181787249675611995e-01 7.000000000000000000e+00 1.900000000000000000e+01
5.523636363636363455e+00 2.836982293449669679e-01 9.589136116807032151e-01 2.958537931771815788e-01 1.949281084439764777e+00 5.919084656944449740e+00 2.559278318500608052e+00 -6.058593372617107065e-01 7.000000000000000000e+00 2.000000000000000000e+01
5.549090909090908852e+00 3.080123997887522780e-01 9.513823424766584269e-01 3.237524873406079085e-01 1.952898659444412433e+00 5.962289463311138960e+00 6.425772568665784057e-01 2.279513317683517393e+00 9.000000000000000000e+00 2.000000000000000000e+01
5.574545454545455136e+00 3.321270093374694143e-01 9.432346736992595071e-01 3.521149281280181453e-01 1.956503194758037134e+00 6.005809631832851991e+00 1.714423196911565750e+00 -1.858580612805735166e+00 7.000000000000000000e+00 1.900000000000000000e+01
5.600000000000000533e+00 3.560264341621114936e-01 9.344758842141468458e-01 3.809904997832170293e-01 1.960094784047269778e+00 6.049647464412946540e+00 2.981555761904647994e+00 -2.001038223855633014e+00 8.000000000000000000e+00 1.800000000000000000e+01
5.625454545454545929e+00 3.796951898516202073e-01 9.251116488313948505e-01 4.104317466235052336e-01 1.963673519973115011e+00 6.093805279756917770e+00 3.856948073365362273e+00 6.007519701274260243e-02 3.000000000000000000e+00 2.300000000000000000e+01
5.650909090909091326e+00 4.031179414452153997e-01 9.151480346288090040e-01 4.404947901229150364e-01 1.967239494205293093e+00 6.138285413495048637e+00 1.704616897310742729e+00 -3.681612795637575708e+00 9.000000000000000000e+00 2.200000000000000000e+01
5.676363636363636722e+00 4.262795133679000981e-01 9.045914970210732209e-01 4.712397969378321338e-01 1.970792797436330623e+00 6.183090218305937746e+00 3.350688583983360225e+00 -1.054949716885700134e-01 7.000000000000000000e+00 2.000000000000000000e+01
5.701818181818182119e+00 4.491648992626988135e-01 8.934488755772932445e-01 5.027315065705078023e-01 1.974333519395400138e+00 6.228222064040947359e+00 3.411334975315505780e+00 1.075725815835472110e+00 4.000000000000000000e+00 2.100000000000000000e+01
5.727272727272727515e+00 4.717592717132598201e-01 8.817273895896479141e-01 5.350398289575812871e-01 1.977861748861915681e+00 6.273683337849546682e+00 2.727782912528447845e+00 -4.136925091722396669e-03 4.000000000000000000e+00 2.100000000000000000e+01
5.752727272727272911e+00 4.940479918505218393e-01 8.694346333960171203e-01 5.682405242137263945e-01 1.981377573678890114e+00 6.319476444305576202e+00 1.735909496681403041e+00 -1.423988883187290888e+00 8.000000000000000000e+00 1.900000000000000000e+01
5.778181818181818308e+00 5.160166188372211638e-01 8.565785714596192424e-01 6.024159791412050380e-01 1.984881080766057071e+00 6.365603805534435722e+00 1.618112287090687218e-01 4.407100373257193837e+00 3.000000000000000000e+00 1.900000000000000000e+01
5.803636363636363704e+00 5.376509192240944701e-01 8.431675332088435226e-01 6.376560980448996441e-01 1.988372356132765528e+00 6.412067861341190778e+00 6.833001821355759731e-01 1.786567140813420496e+00 7.000000000000000000e+00 2.200000000000000000e+01
5.829090909090909101e+00 5.589368761717146139e-01 8.292102076406231426e-01 6.740593290114875735e-01 1.991851484890649227e+00 6.458871069339625848e+00 2.336577640592167437e+00 1.426203053441384316e+00 5.000000000000000000e+00 2.200000000000000000e+01
5.854545454545454497e+00 5.798606985319857410e-01 8.147156376908434305e-01 7.117338513048437898e-01 1.995318551266075380e+00 6.506015905082231932e+00 3.326466274501755915e+00 -1.823373556499546577e+00 6.000000000000000000e+00 1.700000000000000000e+01
5.879999999999999893e+00 6.004088297834125898e-01 7.996932143754335032e-01 7.507989551372352688e-01 1.998773638612381109e+00 6.553504862191148028e+00 1.126098639773749799e+00 8.898977026658086986e-01 7.000000000000000000e+00 2.000000000000000000e+01
5.905454545454545290e+00 6.205679568143565028e-01 7.841526707059378598e-01 7.913866521116184050e-01 2.002216829421895827e+00 6.601340452490052080e+00 2.999976414884963916e+00 -4.502738224180860560e-01 9.000000000000000000e+00 2.200000000000000000e+01
5.930909090909090686e+00 6.403250185485852564e-01 7.681040753835081114e-01 8.336435635091197227e-01 2.005648205337760892e+00 6.649525206137021804e+00 2.855974327619970499e+00 1.780109637007178058e+00 1.000000000000000000e+00 1.800000000000000000e+01
5.956363636363636971e+00 6.596672144075307331e-01 7.515578262754029071e-01 8.777331448688826532e-01 2.009067847165542542e+00 6.698061671758359203e+00 2.751025162143358571e+00 2.696922007813561617e+00 4.000000000000000000e+00 2.000000000000000000e+01
5.981818181818182367e+00 6.785820126037674926e-01 7.345246436782228994e-01 9.238383197133920310e-01 2.012475834884653647e+00 6.746952416583394729e+00 3.746942136391413491e+00 5.699797229944372212e-01 5.000000000000000000e+00 2.100000000000000000e+01
6.007272727272727764e+00 6.970571582603473093e-01 7.170155633722389288e-01 9.721646138083473998e-01 2.015872247659573624e+00 6.796200026580280884e+00 1.787302882650513514e+00 -2.410230185099852263e-01 8.000000000000000000e+00 1.800000000000000000e+01
6.032727272727273160e+00 7.150806813507183390e-01 6.990419294713245968e-01 1.022943905369916306e+00 2.019257163850885384e+00 6.845807106592761926e+00 3.701085163615204010e+00 7.637235111770016571e-01 6.000000000000000000e+00 1.900000000000000000e+01
6.058181818181818556e+00 7.326409044540929116e-01 6.806153870731168620e-01 1.076438938009767643e+00 2.022630661026120880e+00 6.895776280477956099e+00 1.272115021754107733e+00 1.483318947354914208e+00 3.000000000000000000e+00 1.900000000000000000e+01
6.083636363636363953e+00 7.497264503212350828e-01 6.617478747141698481e-01 1.132948784527741726e+00 2.025992815970428573e+00 6.946110191245142396e+00 2.606097639189417059e+00 3.855038084307436108e+00 3.000000000000000000e+00 2.100000000000000000e+01
6.109090909090909349e+00 7.663262492457683095e-01 6.424516166349902857e-01 1.192815504550527983e+00 2.029343704697059270e+00 6.996811501195546512e+00 2.076964666185920905e-02 -7.798609007521098979e-01 0.000000000000000000e+00 2.100000000000000000e+01
6.134545454545454746e+00 7.824295462362260700e-01 6.227391148599655812e-01 1.256432312610024082e+00 2.032683402457676536e+00 7.047882892063173088e+00 3.348930452726441853e+00 -9.841811838828544712e-01 4.000000000000000000e+00 2.300000000000000000e+01
6.160000000000000142e+00 7.980259079841985903e-01 6.026231410973158509e-01 1.324253672919154967e+00 2.036011983752500143e+00 7.099327065156632699e+00 5.705153544376617702e-01 -8.600084921948281114e-01 3.000000000000000000e+00 2.000000000000000000e+01
6.185454545454545539e+00 8.131052296240625088e-01 5.821167284643180562e-01 1.396807873515532039e+00 2.039329522340273204e+00 7.151146741502032889e+00 3.796655940669098950e+00 1.398166981425724931e+00 8.000000000000000000e+00 2.100000000000000000e+01
6.210909090909090935e+00 8.276577412799115407e-01 5.612331630431641738e-01 1.474712821302501586e+00 2.042636091248074326e+00 7.203344661986899489e+00 2.192301221206619299e+00 7.226294626517099084e-01 9.000000000000000000e+00 1.800000000000000000e+01
6.236363636363636331e+00 8.416740143954489772e-01 5.399859752729226914e-01 1.558696064226567035e+00 2.045931762780957897e+00 7.255923587505142436e+00 1.317518362238989660e-01 4.343594517444297587e+00 9.000000000000000000e+00 2.100000000000000000e+01
6.261818181818181728e+00 8.551449678427384127e-01 5.183889311831821889e-01 1.649620422818320886e+00 2.049216608531445605e+00 7.308886299103101614e+00 2.225046608333408837e+00 9.888934057985944159e-01 3.000000000000000000e+00 1.800000000000000000e+01
6.287272727272727124e+00 8.680618738058566430e-01 4.964560234750556300e-01 1.748517155114087007e+00 2.052490699388854534e+00 7.362235598126628311e+00 1.475729165104453511e+00 7.748803754283374590e-02 8.000000000000000000e+00 2.000000000000000000e+01
6.312727272727272521e+00 8.804163634356364510e-01 4.742014624553253510e-01 1.856629371990983213e+00 2.055754105548478261e+00 7.415974306369267133e+00 3.985810556907732671e+00 1.978043106320246602e+00 7.000000000000000000e+00 2.000000000000000000e+01
6.338181818181818805e+00 8.922004322718345426e-01 4.516396668295993844e-01 1.975469600655018976e+00 2.059006896520618302e+00 7.470105266221496620e+00 1.392936142422338985e+00 1.150816979918039551e-01 4.000000000000000000e+00 2.000000000000000000e+01
6.363636363636364202e+00 9.034064454292114466e-01 4.287852543604516731e-01 2.106897185111166859e+00 2.062249141139463227e+00 7.524631340821094305e+00 9.765559950672342282e-02 1.304293678033340287e+00 7.000000000000000000e+00 2.400000000000000000e+01
6.389090909090909598e+00 9.140271425441671704e-01 4.056530323965847895e-01 2.253223985887951475e+00 2.065480907571834113e+00 7.579555414204548924e+00 2.310137630765829897e+00 -3.278289040521115361e+00 1.100000000000000000e+01 1.900000000000000000e+01
6.414545454545454994e+00 9.240556424787218504e-01 3.822579882791680705e-01 2.417361234590790886e+00 2.068702263325780777e+00 7.634880391459621052e+00 1.353271098555969498e+00 -1.374749641345730800e-01 5.000000000000000000e+00 2.000000000000000000e+01
6.440000000000000391e+00 9.334854477787971616e-01 3.586152796315552616e-01 2.603027536188276869e+00 2.071913275259044340e+00 7.690609198878997965e+00 2.123258361908680225e+00 -3.333720044466091714e+00 6.000000000000000000e+00 2.200000000000000000e+01
6.465454545454545787e+00 9.423104488839102455e-01 3.347402245386766340e-01 2.815049939643670118e+00 2.075114009587381680e+00 7.746744784115072946e+00 9.439547707052953207e-01 -8.008779755228432329e-01 9.000000000000000000e+00 2.100000000000000000e+01
6.490909090909091184e+00 9.505249280855507799e-01 3.106482916224689306e-01 3.059810575880212102e+00 2.078304531892760654e+00 7.803290116335854343e+00 5.527185635364606497e-01 -5.602527297796689787e+00 3.000000000000000000e+00 2.200000000000000000e+01
6.516363636363636580e+00 9.581235632316784656e-01 2.863550900197721627e-01 3.345928173183589038e+00 2.081484907131420758e+00 7.860248186382014168e+00 1.116942810738023262e+00 1.351670582361190087e+00 2.000000000000000000e+00 2.100000000000000000e+01
6.541818181818181976e+00 9.651014311749391839e-01 2.618763592691868425e-01 3.685332398343358129e+00 2.084655199641810341e+00 7.917622006925081557e+00 2.811486732143062994e+00 -3.100963956021214329e-01 2.000000000000000000e+00 2.100000000000000000e+01
6.567272727272727373e+00 9.714540109623666098e-01 2.372279591134443810e-01 4.095023261983252283e+00 2.087815473152392798e+00 7.975414612626792632e+00 6.734584514814421219e-01 3.415358650485144643e-01 7.000000000000000000e+00 1.900000000000000000e+01
6.592727272727272769e+00 9.771771867645032694e-01 2.124258592238972565e-01 4.600085838582188558e+00 2.090965790789337753e+00 8.033629060299595892e+00 1.466673907291967005e+00 -1.544775331296400767e+00 1.000000000000000000e+01 2.000000000000000000e+01
6.618181818181818166e+00 9.822672505420413369e-01 1.874861288537863491e-01 5.239146258697761738e+00 2.094106215084082567e+00 8.092268429068351310e+00 1.424337125563407636e+00 7.393429034278403700e-01 2.000000000000000000e+00 2.000000000000000000e+01
6.643636363636363562e+00 9.867209044482573299e-01 1.624249264269896076e-01 6.074935209478397269e+00 2.097236807980783713e+00 8.151335820533175180e+00 2.479973293528134892e+00 1.143956011748878510e+00 5.000000000000000000e+00 1.700000000000000000e+01
6.669090909090908958e+00 9.905352629656836161e-01 1.372584890689968473e-01 7.216568313437890403e+00 2.100357630843643353e+00 8.210834358933501775e+00 2.218867026668744913e+00 7.824848750601821612e-01 7.000000000000000000e+00 1.900000000000000000e+01
6.694545454545454355e+00 9.937078547756318381e-01 1.120031220868940997e-01 8.872144242592584717e+00 2.103468744464131568e+00 8.270767191313334266e+00 2.072042421556990366e+00 -2.530921726335517707e+00 7.000000000000000000e+00 2.200000000000000000e+01
6.720000000000000639e+00 9.962366243593576698e-01 8.667518840517214607e-02 1.149390780326137040e+01 2.106570209068088673e+00 8.331137487687692911e+00 1.338823953778447429e+00 -7.725834138823917119e-01 1.000000000000000000e+00 1.900000000000000000e+01
6.745454545454546036e+00 9.981199333298287346e-01 6.129109796420933315e-02 1.628490868139899206e+01 2.109662084322720510e+00 8.391948441210297815e+00 1.537147702312642306e+00 1.160237931709302339e+00 7.000000000000000000e+00 1.800000000000000000e+01
6.770909090909091432e+00 9.993565614932343744e-01 3.586729708828387264e-02 2.786261142102275556e+01 2.112744429343487607e+00 8.453203268342454280e+00 1.501015264054950560e+00 -1.927604145142155501e+00 6.000000000000000000e+00 2.300000000000000000e+01
6.796363636363636829e+00 9.999457076395477095e-01 1.042025783002200820e-02 9.596170497418832213e+01 2.115817302700885971e+00 8.514905209023183374e+00 2.707519343974027937e+00 -4.999873680351439198e+00 3.000000000000000000e+00 1.900000000000000000e+01
6.821818181818182225e+00 9.998869900616284001e-01 -1.503353270182765898e-02 -6.651044767009885561e+01 2.118880762427125752e+00 8.577057526840588864e+00 3.394622478429813128e+00 6.598030109043705460e-01 9.000000000000000000e+00 2.100000000000000000e+01
6.847272727272727622e+00 9.991804468025307084e-01 -4.047758302437379219e-02 -2.468478530946051919e+01 2.121934866022705535e+00 8.639663509204490666e+00 3.470506281993218423e+00 -3.041745619590658478e+00 2.000000000000000000e+00 2.200000000000000000e+01
6.872727272727273018e+00 9.978265356308549938e-01 -6.589540796539594680e-02 -1.514258074181511482e+01 2.124979670462890713e+00 8.702726467520282227e+00 4.025753271323613269e-01 -8.080919197379700103e-01 7.000000000000000000e+00 1.900000000000000000e+01
6.898181818181818414e+00 9.958261337441605132e-01 -9.127053934406954838e-02 -1.091070723259471897e+01 2.128015232204088836e+00 8.766249737364098849e+00 8.790140407309454673e-01 -1.266813740808681032e+00 7.000000000000000000e+00 1.900000000000000000e+01
6.923636363636363811e+00 9.931805372006294874e-01 -1.165865366406820813e-01 -8.518827008830330172e+00 2.131041607190131693e+00 8.830236678659236560e+00 3.707020126261253434e+00 -2.803226688655752419e+00 6.000000000000000000e+00 2.300000000000000000e+01
6.949090909090909207e+00 9.898914600793528029e-01 -1.418269976484277661e-01 -6.979570014823099910e+00 2.134058850858461920e+00 8.894690675853873074e+00 3.678929593893203176e-01 1.965808051165713222e+00 6.000000000000000000e+00 1.700000000000000000e+01
6.974545454545454604e+00 9.859610333697798046e-01 -1.669755691003802223e-01 -5.904822116683743793e+00 2.137067018146224129e+00 8.959615138100074816e+00 2.536746844033173520e+00 4.630403695484109905e-01 7.000000000000000000e+00 2.300000000000000000e+01
7.000000000000000000e+00 9.813918035910533799e-01 -1.920159572647525126e-01 -5.110990865399305250e+00 2.140066163496270768e+00 9.025013499434122011e+00 3.189946031861323306e+00 2.367337780323314211e-01 5.000000000000000000e+00 1.900000000000000000e+01
