X Y1 Y2 Y3 Y4 Y5 Y6 Y7 Y8 Y9 Y10
0.000000000000000000e+00 0.000000000000000000e+00 1.000000000000000000e+00 0.000000000000000000e+00 0.000000000000000000e+00 1.000000000000000000e+00 2.390899896709772765e+00 -1.903174133935492396e+00 6.000000000000000000e+00 1.000000000000000000e+01
2.545454545454545539e-02 2.545179673317822175e-02 9.996760505499033833e-01 2.546004450059362323e-02 2.513597327154223904e-02 1.007299237782652845e+00 1.413850886554386843e+00 9.356487733377905069e-01 9.000000000000000000e+00 9.000000000000000000e+00
5.090909090909091078e-02 5.088710327524507276e-02 9.987044120861059415e-01 5.095311751847723253e-02 4.965559044586096565e-02 1.014651754437513098e+00 2.289839590681292503e+00 -4.807527041204672225e-01 5.000000000000000000e+00 1.000000000000000000e+01
7.636363636363636964e-02 7.628944011906588218e-02 9.970857141320997874e-01 7.651241918100393224e-02 7.358835665748912624e-02 1.022057938859738391e+00 2.177687505965527848e+00 -3.818738304980313081e-01 1.300000000000000000e+01 1.700000000000000000e+01
1.018181818181818216e-01 1.016423491185371730e-01 9.948210054405091096e-01 1.021714947338990959e-01 9.696170784279783961e-02 1.029518182783123459e+00 2.090904708526234668e+00 2.553643171541971846e+00 6.000000000000000000e+00 1.200000000000000000e+01
1.272727272727272874e-01 1.269294041518015392e-01 9.919117533136043718e-01 1.279644118821841869e-01 1.198011998126205790e-01 1.037032880800822232e+00 1.612958082544374339e+00 -6.123647940138566836e-01 4.000000000000000000e+00 1.300000000000000000e+01
1.527272727272727393e-01 1.521342217637137173e-01 9.883598426526388758e-01 1.539259439713817068e-01 1.421306762107094057e-01 1.044602430386216696e+00 5.386708812325260443e-01 -1.487409040418605111e+00 7.000000000000000000e+00 1.200000000000000000e+01
1.781818181818181912e-01 1.772404717806634611e-01 9.841675747366237514e-01 1.800917611292928155e-01 1.639724181257581348e-01 1.052227231913942740e+00 1.201836960385066710e+00 8.524802299988247789e-01 7.000000000000000000e+00 1.200000000000000000e+01
2.036363636363636431e-01 2.022318878908767881e-01 9.793376657313308531e-01 2.064986316439263725e-01 1.853472777104915870e-01 1.059907688681064997e+00 1.512946409990916230e-01 -7.063037218901446757e-01 8.000000000000000000e+00 1.200000000000000000e+01
2.290909090909090950e-01 2.270922781833416004e-01 9.738732449294927873e-01 2.331846360557762454e-01 2.062747978164474194e-01 1.067644206928410000e+00 2.847118205051699213e+00 4.864150345131182940e-01 4.000000000000000000e+00 1.400000000000000000e+01
2.545454545454545747e-01 2.518055356385290877e-01 9.677778527233372730e-01 2.601893966987833262e-01 2.267733193647885337e-01 1.075437195862052109e+00 1.065468096380368213e+00 -6.558952795034401761e-01 8.000000000000000000e+00 1.400000000000000000e+01
2.800000000000000266e-01 2.763556485641137650e-01 9.610554383107708931e-01 2.875543257419768683e-01 2.468600779315258120e-01 1.083287067674958637e+00 1.739857218350731038e+00 -6.683895995865175577e-01 7.000000000000000000e+00 1.000000000000000000e+01
3.054545454545454786e-01 3.007267109689315543e-01 9.537103571366983834e-01 3.153228951731174567e-01 2.665512908217075316e-01 1.091194237568790637e+00 2.860786995156404444e+00 1.503755937296969991e+00 8.000000000000000000e+00 8.000000000000000000e+00
3.309090909090909305e-01 3.249029328684538420e-01 9.457473680711340203e-01 3.435409326394407992e-01 2.858622357347950782e-01 1.099159123775865776e+00 2.073597171778290615e+00 5.672594286121900309e-01 7.000000000000000000e+00 1.100000000000000000e+01
3.563636363636363824e-01 3.488686505151011308e-01 9.371716303259356451e-01 3.722569476348417949e-01 3.048073219772443054e-01 1.107182147581277976e+00 9.616811842256957066e-01 -1.990153297055616832e-01 6.000000000000000000e+00 1.100000000000000000e+01
3.818181818181818343e-01 3.726083365467677821e-01 9.279887001121568391e-01 4.015224932175728290e-01 3.234001550538601610e-01 1.115263733345181807e+00 1.508186091757927283e+00 -3.529701672936863766e+00 7.000000000000000000e+00 1.100000000000000000e+01
4.072727272727272863e-01 3.961066100469829432e-01 9.182045270401837378e-01 4.313925692828216585e-01 3.416535953632104938e-01 1.123404308525237427e+00 2.884619259376882905e+00 4.752688911682401707e-01 6.000000000000000000e+00 8.000000000000000000e+00
4.327272727272727382e-01 4.193482465101893708e-01 9.078254502649887314e-01 4.619260744318020584e-01 3.595798116313624337e-01 1.131604303699219827e+00 1.629107549860823845e+00 7.175309267801376345e-01 8.000000000000000000e+00 8.000000000000000000e+00
4.581818181818181901e-01 4.423181877056838740e-01 8.968581943789996069e-01 4.931863147127208968e-01 3.771903296399979344e-01 1.139864152587793500e+00 2.421225778795934591e+00 -2.572839552071589431e+00 8.000000000000000000e+00 1.100000000000000000e+01
4.836363636363636420e-01 4.650015514338284306e-01 8.853098650552430060e-01 5.252415790089637326e-01 3.944960767375904065e-01 1.148184292077453872e+00 2.343250411495395369e+00 1.387080608948457749e-01 1.000000000000000000e+01 1.300000000000000000e+01
5.090909090909091494e-01 4.873836411682108682e-01 8.731879444435869386e-01 5.581657926791254720e-01 4.115074225641270900e-01 1.156565162243633926e+00 2.942364430912577156e+00 1.219824740154083348e-01 6.000000000000000000e+00 1.200000000000000000e+01
5.345454545454545459e-01 5.094499555775081623e-01 8.605002863230638566e-01 5.920392632922863996e-01 4.282342163694405901e-01 1.165007206373982473e+00 8.086731048569825164e-01 1.567728189547106687e+00 8.000000000000000000e+00 1.100000000000000000e+01
5.600000000000000533e-01 5.311861979208833962e-01 8.472551110134161068e-01 6.269495350526982369e-01 4.446858212614457351e-01 1.173510870991810284e+00 1.620885831832909130e+00 -1.152277963160618646e-01 1.300000000000000000e+01 1.500000000000000000e+01
5.854545454545454497e-01 5.525782853108278658e-01 8.334610000491596837e-01 6.629923719025069273e-01 4.608711456824630126e-01 1.182076605879707420e+00 1.993393874351966577e+00 -1.029269575016857896e+00 1.200000000000000000e+01 1.400000000000000000e+01
6.109090909090909571e-01 5.736123578374487941e-01 8.191268906196174093e-01 7.002728934995010590e-01 4.767986723785643255e-01 1.190704864103334426e+00 9.266219511384224949e-01 1.424247806436946540e-01 9.000000000000000000e+00 1.400000000000000000e+01
6.363636363636363535e-01 5.942747875482894404e-01 8.042620697785239914e-01 7.389068935103946245e-01 4.924764850977940700e-01 1.199396102035385825e+00 5.335588398920675379e-01 -9.034721896178008471e-01 3.000000000000000000e+00 1.200000000000000000e+01
6.618181818181818610e-01 6.145521872778650918e-01 7.888761684269539609e-01 7.790223762283290387e-01 5.079122932276334268e-01 1.208150779379729034e+00 1.921903713120381996e+00 4.191316245744071134e-01 1.000000000000000000e+01 1.200000000000000000e+01
6.872727272727272574e-01 6.344314193211920694e-01 7.729791550734714800e-01 8.207613557973494345e-01 5.231134545596839436e-01 1.216969359195718914e+00 1.483857496012998212e+00 2.098445598932072276e+00 8.000000000000000000e+00 1.200000000000000000e+01
7.127272727272727648e-01 6.538996039456927978e-01 7.565813293755444535e-01 8.642819728123590783e-01 5.380869963498465802e-01 1.225852307922691065e+00 3.875884754801461884e-02 -1.651394796162724887e+00 7.000000000000000000e+00 7.000000000000000000e+00
7.381818181818181612e-01 6.729441277359602402e-01 7.396933154664083743e-01 9.097609964362596280e-01 5.528396348248847403e-01 1.234800095404632314e+00 2.468272015928342000e+00 2.645028702921806696e-01 1.000000000000000000e+01 1.500000000000000000e+01
7.636363636363636687e-01 6.915526517659761341e-01 7.223260550717013340e-01 9.573967973470507431e-01 5.673777932709118677e-01 1.243813194915033060e+00 2.046076488837224261e+00 -1.626479334109771080e-01 7.000000000000000000e+00 1.400000000000000000e+01
7.890909090909090651e-01 7.097131195934871517e-01 7.044908004203324081e-01 1.007412899032945397e+00 5.817076188257368496e-01 1.252892083181918803e+00 1.133460349352650942e+00 -1.180856301119131535e+00 6.000000000000000000e+00 1.100000000000000000e+01
8.145454545454545725e-01 7.274137650713607961e-01 6.861991069541748534e-01 1.060062243887383016e+00 5.958349980849473315e-01 1.262037240413066863e+00 9.294997489041767480e-01 1.393209592940487518e+00 8.000000000000000000e+00 1.500000000000000000e+01
8.400000000000000799e-01 7.446431199708594129e-01 6.674628258413080051e-01 1.115632348561538034e+00 6.097655716208942867e-01 1.271249150321404731e+00 1.187797913082712764e+00 -1.263331675511658814e+00 1.000000000000000000e+01 1.100000000000000000e+01
8.654545454545454763e-01 7.613900214118922705e-01 6.482940962976588839e-01 1.174451573383303415e+00 6.235047475041982645e-01 1.280528300150595822e+00 1.257663496661643343e+00 2.153353256464900944e+00 7.000000000000000000e+00 1.100000000000000000e+01
8.909090909090909838e-01 7.776436190954343353e-01 6.287053377220166439e-01 1.236896797970675088e+00 6.370577139089018681e-01 1.289875180700811086e+00 9.889016882165652111e-01 -9.946506659363216762e-01 8.000000000000000000e+00 9.000000000000000000e+00
9.163636363636363802e-01 7.933933823334221591e-01 6.087092416495187841e-01 1.303402886053503185e+00 6.504294508747910930e-01 1.299290286354688684e+00 7.622897312677101578e-02 1.711487861752995832e+00 1.000000000000000000e+01 1.500000000000000000e+01
9.418181818181818876e-01 8.086291068715755204e-01 5.883187635288186224e-01 1.374474446508053616e+00 6.636247412936235879e-01 1.308774115103482405e+00 1.307976273250653909e-01 -2.023383575588286465e-01 7.000000000000000000e+00 1.300000000000000000e+01
9.672727272727272840e-01 8.233409215007225779e-01 5.675471143282652120e-01 1.450700568665931112e+00 6.766481811799102131e-01 1.318327168573403707e+00 2.510021088169247960e+00 -1.194845387052374974e+00 4.000000000000000000e+00 1.600000000000000000e+01
9.927272727272727915e-01 8.375192944523452976e-01 5.464077519765305757e-01 1.532773448807729588e+00 6.895041892814441908e-01 1.327949952052152272e+00 2.713312267410429968e+00 2.687137929854567453e+00 8.000000000000000000e+00 1.600000000000000000e+01
1.018181818181818299e+00 8.511550395742016883e-01 5.249143726432332624e-01 1.621512162618384378e+00 7.021970160798634009e-01 1.337642974515643290e+00 2.820850613099778137e+00 -2.035137334387851382e+00 7.000000000000000000e+00 1.100000000000000000e+01
1.043636363636363695e+00 8.642393222820239362e-01 5.030809018652049325e-01 1.717893323077463119e+00 7.147307522271199032e-01 1.347406748654927711e+00 1.335769204959641687e+00 -3.885301284812650024e-01 7.000000000000000000e+00 1.600000000000000000e+01
1.069090909090909092e+00 8.767636652834359667e-01 4.809214855241498165e-01 1.823091069278934606e+00 7.271093364597597253e-01 1.357241790903311207e+00 5.049855604694204469e-01 -3.004474644608040590e-01 4.000000000000000000e+00 8.000000000000000000e+00
1.094545454545454488e+00 8.887199540703814016e-01 4.584504806815443700e-01 1.938529877314529859e+00 7.393365630293200486e-01 1.367148621463667890e+00 1.920493639645033612e+00 -2.247670574426821055e+00 9.000000000000000000e+00 1.200000000000000000e+01
1.120000000000000107e+00 9.001004421765050889e-01 4.356824462767120987e-01 2.065955261380510777e+00 7.514160886839211795e-01 1.377127764335957183e+00 1.774567731343567489e+00 -4.601968107819607856e-01 5.000000000000000000e+00 1.000000000000000000e+01
1.145454545454545503e+00 9.108977561960789338e-01 4.126321336941037865e-01 2.207529859686967466e+00 7.633514392331938181e-01 1.387179747344938097e+00 1.326279243120672469e+00 -1.091238189220162358e+00 1.200000000000000000e+01 9.000000000000000000e+00
1.170909090909090899e+00 9.211049005612248486e-01 3.893144772058907410e-01 2.365966216237302966e+00 7.751460157260308126e-01 1.397305102168089119e+00 1.843219916039642747e+00 9.132802553953230928e-01 6.000000000000000000e+00 1.300000000000000000e+01
1.196363636363636296e+00 9.307152620743346372e-01 3.657445842960666549e-01 2.544713721094855163e+00 7.868031002682436270e-01 1.407504364363727722e+00 9.311821426881181640e-01 3.388852308533658042e-01 1.200000000000000000e+01 1.000000000000000000e+01
1.221818181818181914e+00 9.397226141927534915e-01 3.419377258723252933e-01 2.748227361562416871e+00 7.983258615050239371e-01 1.417778073399340144e+00 2.974750615290469913e+00 8.953523653935004933e-01 8.000000000000000000e+00 1.100000000000000000e+01
1.247272727272727311e+00 9.481211210629499897e-01 3.179093263720568774e-01 2.982363342034644038e+00 8.097173597911193621e-01 1.428126772680113232e+00 5.533494245893895158e-01 -1.660900912742132030e-01 1.600000000000000000e+01 1.300000000000000000e+01
1.272727272727272707e+00 9.559053413015597966e-01 2.936749537688708722e-01 3.254977413068326886e+00 8.209805520698301162e-01 1.438551009577677897e+00 2.642738999991443460e+00 -2.658597722113018730e-02 7.000000000000000000e+00 1.400000000000000000e+01
1.298181818181818326e+00 9.630702315208515829e-01 2.692503094861234958e-01 3.576858401236065799e+00 8.321182964802862347e-01 1.449051335459060397e+00 8.853437300640539798e-01 7.611390064336385208e-01 5.000000000000000000e+00 1.000000000000000000e+01
1.323636363636363722e+00 9.696111495963321003e-01 2.446512182239835853e-01 3.963238591800641419e+00 8.431333567109635663e-01 1.459628305715846563e+00 1.388239059950752141e-01 -7.195572948926515222e-01 9.000000000000000000e+00 1.200000000000000000e+01
1.349090909090909118e+00 9.755238576743741064e-01 2.198936177066254105e-01 4.436344573565045302e+00 8.540284061160305917e-01 1.470282479793557195e+00 2.560434835306422130e+00 -3.263159564811838886e-01 5.000000000000000000e+00 1.400000000000000000e+01
1.374545454545454515e+00 9.808045249179165870e-01 1.949935483561955896e-01 5.029933211565936091e+00 8.648060316098598044e-01 1.481014421221238608e+00 9.248998481790352555e-01 -1.682325246364466897e+00 4.000000000000000000e+00 1.600000000000000000e+01
1.400000000000000133e+00 9.854497299884602546e-01 1.699671429002408141e-01 5.797883715482893940e+00 8.754687373539000728e-01 1.491824697641270348e+00 7.452465229671472180e-01 -3.966379677377754875e-01 8.000000000000000000e+00 1.200000000000000000e+01
1.425454545454545530e+00 9.894564632627486089e-01 1.448306159193321896e-01 6.831818376121913339e+00 8.860189482490525847e-01 1.502713880839388061e+00 3.879066633396766051e-03 -5.346523975894789116e-01 1.200000000000000000e+01 9.000000000000000000e+00
1.450909090909090926e+00 9.928221287826999308e-01 1.196002533416551245e-01 8.301170783865837066e+00 8.964590132457358473e-01 1.513682546774927529e+00 2.612151519050986970e+00 1.319266031244555437e+00 5.000000000000000000e+00 1.100000000000000000e+01
1.476363636363636322e+00 9.955445459373254424e-01 9.429240189137516603e-02 1.055805691623162268e+01 9.067912084829411468e-01 1.524731275611289183e+00 4.554228138359128764e-01 1.959338624385503547e+00 6.000000000000000000e+00 1.400000000000000000e+01
1.501818181818181941e+00 9.976219508755447274e-01 6.892345849761299936e-02 1.447434549312546537e+01 9.170177402667724076e-01 1.535860651746623340e+00 2.141583794468589375e+00 1.192392275492304199e+00 1.100000000000000000e+01 1.100000000000000000e+01
1.527272727272727337e+00 9.990529976489831432e-01 4.350985967089292250e-02 2.296153113813249647e+01 9.271407478982208739e-01 1.547071263844741917e+00 2.164789043247782541e+00 -7.205020997737096033e-01 1.100000000000000000e+01 1.500000000000000000e+01
1.552727272727272734e+00 9.998367590840100405e-01 1.806807085394451437e-02 5.533721708124315342e+01 9.371623063592398051e-01 1.558363704866253974e+00 3.233802374228123000e-01 -2.451148421060262983e+00 1.100000000000000000e+01 1.300000000000000000e+01
1.578181818181818130e+00 9.999727273824536855e-01 -7.385424246238774838e-03 -1.353981428882323996e+02 9.470844288655562160e-01 1.569738572099928398e+00 8.405880348088438092e-01 -5.487512262550948705e-01 9.000000000000000000e+00 9.000000000000000000e+00
1.603636363636363749e+00 9.994608144506029745e-01 -3.283413433817568977e-02 -3.043968828770207224e+01 9.569090692940742660e-01 1.581196467194287525e+00 2.009325636620928446e+00 -1.148931154931014387e+00 6.000000000000000000e+00 1.300000000000000000e+01
1.629090909090909145e+00 9.983013519562834448e-01 -5.826157123058588183e-02 -1.713481684188084486e+01 9.666381244921933291e-01 1.592737996189429017e+00 1.468893488364691802e+00 -1.171236638202459268e+00 1.100000000000000000e+01 1.200000000000000000e+01
1.654545454545454541e+00 9.964950911139700551e-01 -8.365126051507223992e-02 -1.191249342781179088e+01 9.762734364758653971e-01 1.604363769549081553e+00 1.533467523778552444e+00 6.892930797281988653e-01 9.000000000000000000e+00 1.200000000000000000e+01
1.680000000000000160e+00 9.940432021980759592e-01 -1.089867522398713373e-01 -9.120770935629538556e+00 9.858167945227653828e-01 1.616074402192893444e+00 1.987866305159797786e+00 -3.714517328186796308e-02 1.000000000000000000e+01 1.400000000000000000e+01
1.705454545454545556e+00 9.909472737847331292e-01 -1.342516315677583505e-01 -7.381268013004300244e+00 9.952699371665205685e-01 1.627870513528957730e+00 1.981785906333520142e+00 1.333569551286565957e+00 8.000000000000000000e+00 8.000000000000000000e+00
1.730909090909090953e+00 9.872093117225557712e-01 -1.594295294112034744e-01 -6.192135894576517252e+00 1.004634554097563415e+00 1.639752727486574635e+00 2.987214231309089030e+00 5.465442423503266145e-01 1.200000000000000000e+01 1.300000000000000000e+01
1.756363636363636349e+00 9.828317378330527765e-01 -1.845041330378847655e-01 -5.326881960043925446e+00 1.013912287975800464e+00 1.651721672549252506e+00 2.698422314109931719e-01 5.746911425554865893e-01 9.000000000000000000e+00 8.000000000000000000e+00
1.781818181818181968e+00 9.778173883415326451e-01 -2.094591966396899263e-01 -4.668295324475852937e+00 1.023104736159964778e+00 1.663777981787950333e+00 2.028281673164558541e+00 -1.089235168800848363e+00 5.000000000000000000e+00 1.100000000000000000e+01
1.807272727272727364e+00 9.721695120395162926e-01 -2.342785518583566373e-01 -4.149630874563729144e+00 1.032213452358204941e+00 1.675922292894562737e+00 2.045570746613140756e+00 -3.681148197054435744e+00 6.000000000000000000e+00 1.100000000000000000e+01
1.832727272727272760e+00 9.658917681798482313e-01 -2.589461182609354428e-01 -3.730087844786829532e+00 1.041239948204176979e+00 1.688155248215648774e+00 2.323067562642238570e+00 7.964970881910582445e-01 7.000000000000000000e+00 1.100000000000000000e+01
1.858181818181818157e+00 9.589882241058707013e-01 -2.834459137582837074e-01 -3.383319982956868976e+00 1.050185694762635347e+00 1.700477494786407862e+00 1.271663913715563199e+00 1.481214283753359950e+00 1.100000000000000000e+01 1.400000000000000000e+01
1.883636363636363775e+00 9.514633526161965227e-01 -3.077620649598439284e-01 -3.091555006106231129e+00 1.059052123968276637e+00 1.712889684364903520e+00 1.844745671724771441e+00 -6.767441439713849372e-01 1.000000000000000000e+01 9.000000000000000000e+00
1.909090909090909172e+00 9.433220290667883035e-01 -3.318788174579952455e-01 -2.842368899263000959e+00 1.067840630001356095e+00 1.725392473466535792e+00 2.134614692923500812e+00 -1.095642357333554973e+00 1.000000000000000000e+01 1.500000000000000000e+01
1.934545454545454568e+00 9.345695282122197245e-01 -3.557805460353180571e-01 -2.626814587325541073e+00 1.076552570603377612e+00 1.737986523398767469e+00 2.041807587795676504e+00 -3.319291413646660027e-01 1.100000000000000000e+01 1.400000000000000000e+01
1.959999999999999964e+00 9.252115207881682624e-01 -3.794517647881545108e-01 -2.438284932749510414e+00 1.085189268335968960e+00 1.750672500296101219e+00 1.919178141380678770e+00 1.204705778260843463e+00 1.200000000000000000e+01 1.200000000000000000e+01
1.985454545454545583e+00 9.152540698373519135e-01 -4.028771371599084716e-01 -2.271794513556803619e+00 1.093752011785856793e+00 1.763451075155313408e+00 4.873204898060574664e-01 -1.820121645881003669e+00 8.000000000000000000e+00 1.100000000000000000e+01
2.010909090909090757e+00 9.047036267812907928e-01 -4.260414858775831703e-01 -2.123510636335645962e+00 1.102242056718688357e+00 1.776322923870946813e+00 2.760555240744341221e-01 -5.134546623125761655e-02 8.000000000000000000e+00 1.600000000000000000e+01
2.036363636363636598e+00 8.935670272404369063e-01 -4.489298027851216233e-01 -1.990438197011702881e+00 1.110660627184284266e+00 1.789288727271057811e+00 1.094635914157028544e+00 -1.161961381431648732e+00 8.000000000000000000e+00 1.400000000000000000e+01
2.061818181818181994e+00 8.818514866053852597e-01 -4.715272585671713146e-01 -1.870202561109754580e+00 1.119008916575755519e+00 1.802349171153229346e+00 7.134357505573222236e-01 -2.419592998798139938e+00 1.100000000000000000e+01 1.000000000000000000e+01
2.087272727272727391e+00 8.695645953620281254e-01 -4.938192123569841718e-01 -1.760896647199331699e+00 1.127288088644776032e+00 1.815504946320843693e+00 5.606575543411744800e-01 1.081686524206556754e+00 9.000000000000000000e+00 1.300000000000000000e+01
2.112727272727272787e+00 8.567143141736890399e-01 -5.157912212222166559e-01 -1.660971104051795599e+00 1.135499278475170737e+00 1.828756748619621897e+00 1.682932371045995579e+00 1.362015748719419328e+00 6.000000000000000000e+00 9.000000000000000000e+00
2.138181818181818183e+00 8.433089687234169851e-01 -5.374290495224899322e-01 -1.569154048283589953e+00 1.143643593416856730e+00 1.842105278974427440e+00 2.433708267003538595e+00 1.766234488446201123e-01 1.000000000000000000e+01 1.300000000000000000e+01
2.163636363636363580e+00 8.293572443197859689e-01 -5.587186781326456408e-01 -1.484391477821487726e+00 1.151722113982058149e+00 1.855551243426341479e+00 1.642405147141905886e+00 1.046122376593631831e+00 8.000000000000000000e+00 1.200000000000000000e+01
2.189090909090908976e+00 8.148681802696927656e-01 -5.796463135257218235e-01 -1.405802402698336229e+00 1.159735894705611781e+00 1.869095353170007412e+00 1.742630686352506286e+00 -1.808094535829251281e+00 1.200000000000000000e+01 9.000000000000000000e+00
2.214545454545454817e+00 7.998511640218002317e-01 -6.001983967097639372e-01 -1.332644619523336793e+00 1.167685964971072243e+00 1.882738324591246570e+00 1.306358770957557702e+00 -9.493401024871976901e-01 1.000000000000000000e+01 1.000000000000000000e+01
2.240000000000000213e+00 7.843159250844198294e-01 -6.203616120126798084e-01 -1.264288295563312570e+00 1.175573329804238121e+00 1.896480879304951461e+00 1.160526685605874242e+00 6.917602817380468228e-01 1.100000000000000000e+01 9.000000000000000000e+00
2.265454545454545610e+00 7.682725287217733179e-01 -6.401228957094504679e-01 -1.200195359158797270e+00 1.183398970635628267e+00 1.910323744193252349e+00 6.813003026671202722e-01 -2.675879686603791496e-01 7.000000000000000000e+00 1.100000000000000000e+01
2.290909090909091006e+00 7.517313694327192319e-01 -6.594694444861025628e-01 -1.139903259685538073e+00 1.191163846033354901e+00 1.924267651443966498e+00 2.127626260921796852e+00 8.583147273047314618e-01 1.500000000000000000e+01 1.300000000000000000e+01
2.316363636363636402e+00 7.347031642161688803e-01 -6.783887237349609522e-01 -1.083012052693271832e+00 1.198868892407760178e+00 1.938313338589322976e+00 2.936173537209695539e+00 -8.066660781381445045e-01 7.000000000000000000e+00 1.100000000000000000e+01
2.341818181818181799e+00 7.171989456275544850e-01 -6.968684756758080079e-01 -1.029174041675554818e+00 1.206515024689115645e+00 1.952461548544973668e+00 1.704636741729212535e+00 7.390747501543312170e-01 1.200000000000000000e+01 1.200000000000000000e+01
2.367272727272727195e+00 6.992300546308480858e-01 -7.148967272976853859e-01 -9.780854044107079037e-01 1.214103136979608033e+00 1.966713029649290068e+00 1.547839790013375350e+00 -1.673642713139950500e+00 9.000000000000000000e+00 1.400000000000000000e+01
2.392727272727272592e+00 6.808081332507645023e-01 -7.324617981161948288e-01 -9.294793735341864149e-01 1.221634103180772479e+00 1.981068535702941391e+00 1.497014329395941479e-01 -4.941895993860508929e-01 7.000000000000000000e+00 1.300000000000000000e+01
2.418181818181818432e+00 6.619451170299046616e-01 -7.495523077412715729e-01 -8.831206444079058304e-01 1.229108777597478275e+00 1.995528826008768908e+00 1.233750670977896924e+00 5.467039023898212502e-01 8.000000000000000000e+00 8.000000000000000000e+00
2.443636363636363829e+00 6.426532272957332648e-01 -7.661571832505250645e-01 -8.388007596159190449e-01 1.236527995519506984e+00 2.010094665411944703e+00 1.184246536671996086e+00 3.280911701190095675e-01 7.000000000000000000e+00 9.000000000000000000e+00
2.469090909090909225e+00 6.229449632423913474e-01 -7.822656663633753560e-01 -7.963342762291487631e-01 1.243892573781715249e+00 2.024766824340428428e+00 1.622724045989247355e+00 3.168199606854712330e-03 8.000000000000000000e+00 1.100000000000000000e+01
2.494545454545454621e+00 6.028330938324836241e-01 -7.978673204113300166e-01 -7.555555647042931922e-01 1.251203311303721311e+00 2.039546078845715815e+00 2.721125403779432350e+00 -2.026146997092464486e-01 8.000000000000000000e+00 1.000000000000000000e+01
2.520000000000000018e+00 5.823306495240818670e-01 -8.129520370998899459e-01 -7.163161206920366508e-01 1.258460989610005631e+00 2.054433210643887620e+00 9.382133218118762219e-01 -6.525666720193416814e-02 1.500000000000000000e+01 8.000000000000000000e+00
2.545454545454545414e+00 5.614509138283045875e-01 -8.275100430577030375e-01 -6.784822958204920207e-01 1.265666373331275851e+00 2.069429007156956324e+00 2.563700074206450630e+00 -7.497391800046408761e-02 1.300000000000000000e+01 1.400000000000000000e+01
2.570909090909090811e+00 5.402074147029455320e-01 -8.415319061687203117e-01 -6.419333726303638743e-01 1.272820210687894527e+00 2.084534261554513712e+00 3.449844708976865792e-01 -1.095383410559467752e+00 6.000000000000000000e+00 1.400000000000000000e+01
2.596363636363636651e+00 5.186139157877237560e-01 -8.550085416832534646e-01 -6.065599236783409953e-01 1.279923233956140827e+00 2.099749772795686642e+00 5.555241935608814519e-01 -1.948249818254365273e+00 3.000000000000000000e+00 1.200000000000000000e+01
2.621818181818182047e+00 4.966844074868386749e-01 -8.679312181039740004e-01 -5.722624064287756829e-01 1.286976159918026941e+00 2.115076345671393465e+00 1.498924966572464434e+00 -7.174148097399725144e-01 4.000000000000000000e+00 1.400000000000000000e+01
2.647272727272727444e+00 4.744330979045996433e-01 -8.802915628430415529e-01 -5.389499546858571577e-01 1.293979690295364193e+00 2.130514790846913087e+00 7.656457710225786917e-01 3.479578731079738252e-02 1.000000000000000000e+01 1.500000000000000000e+01
2.672727272727272840e+00 4.518744036400130226e-01 -8.920815676466937738e-01 -5.065393345499282773e-01 1.300934512168733903e+00 2.146065924904763556e+00 2.711278188967771730e+00 5.700636719582508061e-01 8.000000000000000000e+00 8.000000000000000000e+00
2.698181818181818237e+00 4.290229404462825302e-01 -9.032935937837849316e-01 -4.749540386411449933e-01 1.307841298381988704e+00 2.161730570387891959e+00 2.230824111488477257e+00 -5.951161013157676427e-01 6.000000000000000000e+00 1.400000000000000000e+01
2.723636363636363633e+00 4.058935137612792454e-01 -9.139203769949121314e-01 -4.441234969461008708e-01 1.314700707932881851e+00 2.177509555843182731e+00 6.270382624233818980e-01 -2.786496561008133810e-01 1.100000000000000000e+01 1.400000000000000000e+01
2.749090909090909030e+00 3.825011091151144238e-01 -9.239550321989200565e-01 -4.139823863557517969e-01 1.321513386350388508e+00 2.193403715865280379e+00 4.821815838440985935e-01 2.827940358600093962e-01 7.000000000000000000e+00 1.200000000000000000e+01
2.774545454545454426e+00 3.588608824210312576e-01 -9.333910579537382235e-01 -3.844700239659007979e-01 1.328279966059262573e+00 2.209413891140735497e+00 2.488805697438732256e+00 2.370229877708772415e-02 1.300000000000000000e+01 1.100000000000000000e+01
2.800000000000000266e+00 3.349881501559046626e-01 -9.422223406686582869e-01 -3.555298316511755763e-01 1.335001066732340202e+00 2.225540928492467874e+00 7.063065140050451829e-01 1.650437655462847264e+00 9.000000000000000000e+00 1.500000000000000000e+01
2.825454545454545663e+00 3.108983794367147224e-01 -9.504431585653213554e-01 -3.271088614136702932e-01 1.341677295631083844e+00 2.241785680924559987e+00 1.887968641660535241e+00 1.025606742880456279e+00 6.000000000000000000e+00 8.000000000000000000e+00
2.850909090909091059e+00 2.866071779994159296e-01 -9.580481853848538121e-01 -2.991573726370391761e-01 1.348309247934835309e+00 2.258149007667374253e+00 1.381505085608095929e+00 -3.886310442909257645e-01 7.000000000000000000e+00 9.000000000000000000e+00
2.876363636363636456e+00 2.621302840867037465e-01 -9.650324938387432328e-01 -2.716284537155758128e-01 1.354897507059218631e+00 2.274631774222999780e+00 2.904038093184583502e+00 -1.981744532987142371e+00 1.200000000000000000e+01 1.200000000000000000e+01
2.901818181818181852e+00 2.374835562512245257e-01 -9.713915588012238533e-01 -2.444776816305656852e-01 1.361442644964127258e+00 2.291234852411030865e+00 7.290064746242543858e-01 8.406387673022079898e-01 9.000000000000000000e+00 1.300000000000000000e+01
2.927272727272727249e+00 2.126829630808361182e-01 -9.771212602411001313e-01 -2.176628139565375819e-01 1.367945222451694143e+00 2.307959120414679877e+00 2.090170611476415807e+00 7.152097820183697108e-01 1.200000000000000000e+01 1.200000000000000000e+01
2.952727272727272645e+00 1.877445728525777846e-01 -9.822178858911108090e-01 -1.911435085324757199e-01 1.374405789454638205e+00 2.324805462827228997e+00 3.740077653656159740e-01 8.226531591238225305e-01 7.000000000000000000e+00 1.300000000000000000e+01
2.978181818181818485e+00 1.626845431220506066e-01 -9.866781336531025293e-01 -1.648810666551646098e-01 1.380824885315355299e+00 2.341774770698815011e+00 5.388817868325767035e-01 -4.842173521191016627e-01 7.000000000000000000e+00 1.500000000000000000e+01
3.003636363636363882e+00 1.375191102549566391e-01 -9.904991137374555832e-01 -1.388381961656230401e-01 1.387203039056108755e+00 2.358867941583562722e+00 1.918855031176579518e-01 -6.959047391801288507e-01 6.000000000000000000e+00 1.100000000000000000e+01
3.029090909090909278e+00 1.122645789075729233e-01 -9.936783505353758983e-01 -1.129787912226192792e-01 1.393540769640657873e+00 2.376085879587057637e+00 2.624329142385983360e+00 2.883153016250912248e-01 5.000000000000000000e+00 1.200000000000000000e+01
3.054545454545454675e+00 8.693731146298434853e-02 -9.962137842228384610e-01 -8.726772590363771065e-02 1.399838586227647896e+00 2.393429495414167274e+00 1.021796609533196953e+00 -1.611395705404342849e+00 1.400000000000000000e+01 1.100000000000000000e+01
3.080000000000000071e+00 6.155371742991314760e-02 -9.981037720951456693e-01 -6.167065905452309010e-02 1.406096988416070337e+00 2.410899706417209742e+00 1.866611574641928506e+00 2.129086706523707129e+00 8.000000000000000000e+00 1.000000000000000000e+01
3.105454545454545467e+00 3.613024281101629570e-02 -9.993470896312336427e-01 -3.615384803326801566e-02 1.412316466483090727e+00 2.428497436644476704e+00 2.557133283745281815e+00 1.155574642952045039e+00 8.000000000000000000e+00 1.000000000000000000e+01
3.130909090909090864e+00 1.068335944753847321e-02 -9.999429312870383724e-01 -1.068396916790820619e-02 1.418497501614525369e+00 2.446223616889107610e+00 7.653630855362348884e-01 -1.589010348832379904e+00 1.100000000000000000e+01 1.200000000000000000e+01
3.156363636363636260e+00 -1.477044565277577971e-02 -9.998909110174061254e-01 1.477205712145797725e-02 1.424640566128239305e+00 2.464079184738321882e+00 2.671166470191220554e+00 -2.034619649141220510e-01 8.000000000000000000e+00 1.400000000000000000e+01
3.181818181818182101e+00 -4.021468099759667458e-02 -9.991910625262124812e-01 4.024723849703339129e-02 1.430746123690724403e+00 2.482065084623012119e+00 1.038480856709827815e+00 1.261767800621785618e+00 8.000000000000000000e+00 1.000000000000000000e+01
3.207272727272727497e+00 -6.563286129482716336e-02 -9.978438392445252436e-01 6.577468208303843822e-02 1.436814629527105147e+00 2.500182267867695263e+00 2.919322648568935641e+00 1.015456107897187321e+00 2.000000000000000000e+00 1.400000000000000000e+01
3.232727272727272894e+00 -9.100851813340819774e-02 -9.958501140368268834e-01 9.138776694465756967e-02 1.442846530624811718e+00 2.518431692740833672e+00 3.294979309504283416e-01 1.485183514710950670e+00 1.200000000000000000e+01 1.100000000000000000e+01
3.258181818181818290e+00 -1.163252106531823815e-01 -9.932111786354866911e-01 1.171203195809723124e-01 1.448842265931145956e+00 2.536814324505517693e+00 1.669918839743749661e+00 -1.744521126488532747e+00 7.000000000000000000e+00 9.000000000000000000e+00
3.283636363636363686e+00 -1.415665361969096203e-01 -9.899287428038490155e-01 1.430067944041509276e-01 1.454802266544960698e+00 2.555331135470523041e+00 2.244539663861321532e+00 -3.692237253921112350e-01 8.000000000000000000e+00 1.200000000000000000e+01
3.309090909090909083e+00 -1.667161409375307324e-01 -9.860049332284790413e-01 1.690824612729386056e-01 1.460726955902660107e+00 2.573983105041738551e+00 2.820749576044795592e+00 7.772548050028289524e-01 1.100000000000000000e+01 9.000000000000000000e+00
3.334545454545454479e+00 -1.917577304737939359e-01 -9.814422921412851997e-01 1.953836022853895071e-01 1.466616749958723709e+00 2.592771219773969182e+00 2.557849723708706779e+00 -9.100090613679825413e-01 1.000000000000000000e+01 1.100000000000000000e+01
3.360000000000000320e+00 -2.166750803873800646e-01 -9.762437756724098303e-01 2.219477202178730679e-01 1.472472057360943110e+00 2.611696473423117837e+00 2.244441291595538512e+00 -3.655780727448147083e+00 2.000000000000000000e+00 1.400000000000000000e+01
3.385454545454545716e+00 -2.414520467546834859e-01 -9.704127519349557973e-01 2.488137612301980217e-01 1.478293279620559453e+00 2.630759866998748642e+00 2.091372610034831769e+00 1.302615093216653031e-01 8.000000000000000000e+00 1.200000000000000000e+01
3.410909090909091113e+00 -2.660725766064451214e-01 -9.639529988427897322e-01 2.760223547474420780e-01 1.484080811277478817e+00 2.649962408817032156e+00 1.292864494744786263e+00 -1.892880340664266470e+00 9.000000000000000000e+00 1.300000000000000000e+01
3.436363636363636509e+00 -2.905207183284518879e-01 -9.568687016628354414e-01 3.036160737869138537e-01 1.489835040060730975e+00 2.669305114554079150e+00 2.805450152781260531e+00 -2.158433976397069021e+00 1.400000000000000000e+01 1.100000000000000000e+01
3.461818181818181905e+00 -3.147806319965703037e-01 -9.491644503034444291e-01 3.316397194352739275e-01 1.495556347044340262e+00 2.688789007299660749e+00 1.929907547613555430e+00 -2.001793961064014304e+00 1.000000000000000000e+01 1.100000000000000000e+01
3.487272727272727302e+00 -3.388365996394159807e-01 -9.408452363405992447e-01 3.601406337107204703e-01 1.501245106798761775e+00 2.708415117611323364e+00 5.211093273407449988e-01 1.148547355394522185e-01 4.000000000000000000e+00 1.300000000000000000e+01
3.512727272727272698e+00 -3.626730354220101260e-01 -9.319164497838769989e-01 3.891690456865725123e-01 1.506901687538035883e+00 2.728184483568900198e+00 2.966480478240204111e+00 5.966863055328877063e-01 9.000000000000000000e+00 8.000000000000000000e+00
3.538181818181818095e+00 -3.862744957438245530e-01 -9.223838755842678205e-01 4.187784565283578231e-01 1.512526451262801608e+00 2.748098150829413111e+00 2.952751080845192888e+00 -3.333707257557873005e-01 1.300000000000000000e+01 1.100000000000000000e+01
3.563636363636363935e+00 -4.096256892446742404e-01 -9.122536898861114407e-01 4.490260700352038947e-01 1.518119753899313196e+00 2.768157172682384815e+00 4.254434124027587361e-01 -3.109354291644399915e+00 5.000000000000000000e+00 1.100000000000000000e+01
3.589090909090909332e+00 -4.327114867119710717e-01 -9.015324560255807418e-01 4.799732764137922270e-01 1.523681945434587348e+00 2.788362610105549422e+00 5.010743748313484236e-02 -2.713538918101420783e-01 8.000000000000000000e+00 1.000000000000000000e+01
3.614545454545454728e+00 -4.555169308829261632e-01 -8.902271202783026416e-01 5.116861983945429904e-01 1.529213370047816545e+00 2.808715531820968447e+00 1.161536345830096906e+00 -1.110114924662307878e+00 5.000000000000000000e+00 1.300000000000000000e+01
3.640000000000000124e+00 -4.780272461353428648e-01 -8.783450073588739970e-01 5.442363104820731046e-01 1.534714366238163930e+00 2.829217014351559811e+00 3.573473746661722794e-01 1.979136963349759082e+00 1.200000000000000000e+01 1.700000000000000000e+01
3.665454545454545521e+00 -5.002278480607260658e-01 -8.658938156751873061e-01 5.777011441878351361e-01 1.540185266949065213e+00 2.849868142078038513e+00 2.411634999656701250e+00 -2.910187620823989629e+00 9.000000000000000000e+00 1.200000000000000000e+01
3.690909090909090917e+00 -5.221043529135046546e-01 -8.528816123406405270e-01 6.121650946145341665e-01 1.545626399689146613e+00 2.870670007296272530e+00 1.215925809353737286e+00 5.261425573372017217e-01 6.000000000000000000e+00 9.000000000000000000e+00
3.716363636363636314e+00 -5.436425869302444758e-01 -8.393168279474632065e-01 6.477203468679573195e-01 1.551038086649872749e+00 2.891623710275057491e+00 2.184134840802460786e+00 -9.841183176227154272e-02 5.000000000000000000e+00 1.300000000000000000e+01
3.741818181818182154e+00 -5.648285955128143909e-01 -8.252082511045447655e-01 6.844679446149367630e-01 1.556420644820027066e+00 2.912730359314311901e+00 1.604927744580881388e+00 1.721949856418200642e-01 1.000000000000000000e+01 1.300000000000000000e+01
3.767272727272727550e+00 -5.856486522695535379e-01 -8.105650227433056632e-01 7.225190278843552916e-01 1.561774386097128708e+00 2.933991070803698697e+00 1.176662434218844755e+00 -1.259387403634615765e+00 6.000000000000000000e+00 1.400000000000000000e+01
3.792727272727272947e+00 -6.060892679085875256e-01 -7.953966301952959395e-01 7.619962731798005651e-01 1.567099617395881328e+00 2.955406969281674900e+00 2.192694094240063674e+00 -2.091812700003341519e+00 9.000000000000000000e+00 1.100000000000000000e+01
3.818181818181818343e+00 -6.261371989775246227e-01 -7.797129010453653919e-01 8.030355764770071847e-01 1.572396640753751296e+00 2.976979187494970702e+00 1.378990428338526586e+00 -8.871392971219389523e-01 3.000000000000000000e+00 1.200000000000000000e+01
3.843636363636363740e+00 -6.457794564438741336e-01 -7.635239967643809855e-01 8.457880291654511495e-01 1.577665753433763252e+00 2.998708866458505096e+00 2.422713524944775099e-02 1.505351561096250679e+00 7.000000000000000000e+00 9.000000000000000000e+00
3.869090909090909136e+00 -6.650033141106261869e-01 -7.468404061256218585e-01 8.904222490591514605e-01 1.582907248024601143e+00 3.020597155515734933e+00 1.445283643531980688e+00 -5.690799962610300078e-01 7.000000000000000000e+00 9.000000000000000000e+00
3.894545454545454533e+00 -6.837963168615411869e-01 -7.296729384091140691e-01 9.371271440495020366e-01 1.588121412538101795e+00 3.042645212399448518e+00 2.970863041832869644e+00 -1.332077377405118890e+00 5.000000000000000000e+00 1.100000000000000000e+01
3.919999999999999929e+00 -7.021462887308054235e-01 -7.120327163983102281e-01 9.861152058889744998e-01 1.593308530504216725e+00 3.064854203293002399e+00 8.844462081672144205e-01 1.663125441846486252e+00 1.100000000000000000e+01 1.000000000000000000e+01
3.945454545454545769e+00 -7.200413407918264674e-01 -6.939311691736499421e-01 1.037626457461579665e+00 1.598468881063526359e+00 3.087225302892000034e+00 1.825289321427235212e+00 1.363959629347169411e+00 9.000000000000000000e+00 1.400000000000000000e+01
3.970909090909091166e+00 -7.374698788600545507e-01 -6.753800247076725549e-01 1.091933210756798056e+00 1.603602739057378157e+00 3.109759694466430968e+00 1.203078386256356547e+00 -4.505984448831241718e-01 1.000000000000000000e+01 1.300000000000000000e+01
3.996363636363636562e+00 -7.544206110048435887e-01 -6.563913022664746855e-01 1.149345837459881503e+00 1.608710375115723235e+00 3.132458569923251446e+00 1.005483485208409578e+00 7.886867881761410182e-01 9.000000000000000000e+00 1.400000000000000000e+01
4.021818181818181515e+00 -7.708825548654790749e-01 -6.369773046224422863e-01 1.210219813596666638e+00 1.613792055742720777e+00 3.155323129869429533e+00 9.573729049605457231e-01 -1.561718899056222742e+00 9.000000000000000000e+00 1.200000000000000000e+01
4.047272727272727799e+00 -7.868450447666400782e-01 -6.171506100832958586e-01 1.274964379700509021e+00 1.618848043400178627e+00 3.178354583675450318e+00 8.848547520138542177e-01 -1.933486352404527597e+00 5.000000000000000000e+00 1.400000000000000000e+01
4.072727272727273196e+00 -8.022977386286735957e-01 -5.969240643426235726e-01 1.344053266661685786e+00 1.623878596588894885e+00 3.201554149539281635e+00 7.332282933453494467e-01 -2.916671499107577059e-01 3.000000000000000000e+00 1.000000000000000000e+01
4.098181818181818592e+00 -8.172306246682220499e-01 -5.763107721571648634e-01 1.418038086654671126e+00 1.628883969927964248e+00 3.224923054550807411e+00 9.271488769318170231e-02 -1.242113171044644471e+00 8.000000000000000000e+00 7.000000000000000000e+00
4.123636363636363988e+00 -8.316340278848437517e-01 -5.553240888562559485e-01 1.497565195843881147e+00 1.633864414232109041e+00 3.248462534756733078e+00 1.110364023207838224e-01 -2.957439911816075462e+00 7.000000000000000000e+00 1.000000000000000000e+01
4.149090909090909385e+00 -8.454986163294356816e-01 -5.339776116889263236e-01 1.583397127185154130e+00 1.638820176587093780e+00 3.272173835225961280e+00 2.044064970029158879e+00 1.988941413325640228e+00 1.000000000000000000e+01 1.400000000000000000e+01
4.174545454545454781e+00 -8.588154071503927289e-01 -5.122851710142555248e-01 1.676440107469935104e+00 1.643751500423281220e+00 3.296058210115449860e+00 6.830467605243466522e-01 2.579872852110776105e+00 9.000000000000000000e+00 1.400000000000000000e+01
4.200000000000000178e+00 -8.715757724135881901e-01 -4.902608213406994264e-01 1.777779774508841726e+00 1.648658625587381632e+00 3.320116922736547238e+00 2.315990905427668611e+00 2.053854769892658361e+00 6.000000000000000000e+00 1.200000000000000000e+01
4.225454545454545574e+00 -8.837714446924016531e-01 -4.679188322201888184e-01 1.888728095210591817e+00 1.653541788412453695e+00 3.344351245621810964e+00 2.073880755105005580e+00 2.595049879331087217e-01 7.000000000000000000e+00 1.100000000000000000e+01
4.250909090909090970e+00 -8.953945224241768308e-01 -4.452736790029029890e-01 2.010885809440218885e+00 1.658401221786200308e+00 3.368762460592315655e+00 2.976024567627186368e+00 6.532996796587307031e-01 1.000000000000000000e+01 1.200000000000000000e+01
4.276363636363636367e+00 -9.064374750296343430e-01 -4.223400334587062432e-01 2.146226744375773432e+00 1.663237155217616614e+00 3.393351858825453427e+00 2.084520725115419637e+00 -6.504746883810345048e-01 8.000000000000000000e+00 1.200000000000000000e+01
4.301818181818181763e+00 -9.168931477919260997e-01 -3.991327542713239973e-01 2.297213490949522541e+00 1.668049814902032191e+00 3.418120740923226375e+00 8.154325629778929052e-01 -4.196570119913897723e-01 9.000000000000000000e+00 1.100000000000000000e+01
4.327272727272727160e+00 -9.267547664921689243e-01 -3.756668774114182430e-01 2.466958952777774439e+00 1.672839423784596269e+00 3.443070416981042214e+00 2.886752098762690899e+00 -1.523290256543597732e+00 3.000000000000000000e+00 1.500000000000000000e+01
4.352727272727272556e+00 -9.360159417984524888e-01 -3.519576063947986166e-01 2.659456493599694049e+00 1.677606201622250159e+00 3.468202206657004183e+00 2.111374527854644079e+00 5.020769331911006939e-01 7.000000000000000000e+00 1.300000000000000000e+01
4.378181818181817953e+00 -9.446706734054814980e-01 -3.280203024320811900e-01 2.879915256468254636e+00 1.682350365044228413e+00 3.493517439241715206e+00 2.972117480909978404e+00 -5.963822032563164122e-01 9.000000000000000000e+00 1.300000000000000000e+01
4.403636363636363349e+00 -9.527133539221663838e-01 -3.038704744761769327e-01 3.135261349640792172e+00 1.687072127611133121e+00 3.519017453728584321e+00 2.812702252826892568e+00 4.268790154083959010e-01 6.000000000000000000e+00 1.200000000000000000e+01
4.429090909090909634e+00 -9.601387725046459654e-01 -2.795237691740575237e-01 3.434909222001704343e+00 1.691771699872619106e+00 3.544703598884654028e+00 1.307138044280282685e-01 -3.753549720105019416e-01 9.000000000000000000e+00 1.300000000000000000e+01
4.454545454545455030e+00 -9.669421182323865160e-01 -2.549959607293132424e-01 3.791989941592949886e+00 1.696449289423730189e+00 3.570577233321938326e+00 1.690109053531444250e+00 3.164842867402906545e+00 9.000000000000000000e+00 1.200000000000000000e+01
4.480000000000000426e+00 -9.731189832251738725e-01 -2.303029406820586711e-01 4.225386703023470858e+00 1.701105100959924288e+00 3.596639725569281687e+00 1.385661971607388354e+00 -3.454631545435836060e+00 9.000000000000000000e+00 1.200000000000000000e+01
4.505454545454545823e+00 -9.786653654989724282e-01 -2.054607076128249499e-01 4.763272631880508534e+00 1.705739336330822864e+00 3.622892454144746921e+00 2.453328845550416304e+00 -7.470402702729482813e-01 1.000000000000000000e+01 1.600000000000000000e+01
4.530909090909091219e+00 -9.835776715588069319e-01 -1.804853567770959566e-01 5.449625881691613216e+00 1.710352194592721586e+00 3.649336807628527080e+00 1.121635277236617156e+00 1.487639846384479325e+00 6.000000000000000000e+00 1.300000000000000000e+01
4.556363636363636616e+00 -9.878527187269839915e-01 -1.553930696772100883e-01 6.357122108334682054e+00 1.714943872059894625e+00 3.675974184736394701e+00 1.402083658138888467e+00 -6.413831210185192422e-01 4.000000000000000000e+00 1.100000000000000000e+01
4.581818181818182012e+00 -9.914877372051448257e-01 -1.302001035783827143e-01 7.615107130911397348e+00 1.719514562354726328e+00 3.702805994393678635e+00 1.000581114144357464e+00 -2.759653589203729496e+00 9.000000000000000000e+00 1.300000000000000000e+01
4.607272727272727408e+00 -9.944803718688154381e-01 -1.049227809756418661e-01 9.478212096757966165e+00 1.724064456456703587e+00 3.729833655809790205e+00 1.298575738493163101e+00 1.445424343735972172e+00 1.000000000000000000e+01 1.000000000000000000e+01
4.632727272727272805e+00 -9.968286837932884836e-01 -7.957747901850167893e-02 1.252651750329420288e+01 1.728593742750297313e+00 3.757058598553287165e+00 2.567457091459512952e-02 1.884773486144521115e+00 1.000000000000000000e+01 1.200000000000000000e+01
4.658181818181818201e+00 -9.985311515098507229e-01 -5.418061890022525529e-02 1.842967414877018584e+01 1.733102607071765666e+00 3.784482262627486993e+00 1.300546566540103033e+00 -3.247878003309981332e-02 5.000000000000000000e+00 1.200000000000000000e+01
4.683636363636363598e+00 -9.995866719915411647e-01 -2.874865521855158798e-02 3.476985842963900097e+01 1.737591232754905235e+00 3.812106098546637067e+00 1.322860786599311611e+00 -1.470919314202087325e+00 1.100000000000000000e+01 9.000000000000000000e+00
4.709090909090908994e+00 -9.999945613678004053e-01 -3.298065314779784034e-03 3.032064152539596193e+02 1.742059800675782366e+00 3.839931567412629754e+00 3.229642985522716003e-01 1.138517173667507487e+00 6.000000000000000000e+00 1.400000000000000000e+01
4.734545454545454390e+00 -9.997545553675502017e-01 2.215466140188223146e-02 -4.512614917611028176e+01 1.746508489296467070e+00 3.867960140992289020e+00 1.769137679603062674e+00 9.460106474680919364e-01 5.000000000000000000e+00 8.000000000000000000e+00
4.759999999999999787e+00 -9.988668094904141759e-01 4.759303413778781522e-02 -2.098766820788456755e+01 1.750937474707799923e+00 3.896193301795214836e+00 2.311063857136146815e+00 -2.094543284674048600e-01 6.000000000000000000e+00 1.200000000000000000e+01
4.785454545454545183e+00 -9.973318989059698492e-01 7.300057139921865834e-02 -1.366197386938048552e+01 1.755346930671215500e+00 3.924632543152196451e+00 1.381118449968268269e+00 6.943352369445033867e-01 5.000000000000000000e+00 1.200000000000000000e+01
4.810909090909091468e+00 -9.951508180810965110e-01 9.836081167072736886e-02 -1.011735061126237234e+01 1.759737028659648761e+00 3.953279369294201651e+00 1.940738291545458960e+00 -3.499833843255681476e+00 1.400000000000000000e+01 1.100000000000000000e+01
4.836363636363636864e+00 -9.923249801356621713e-01 1.236573240805316082e-01 -8.024797459545641942e+00 1.764107937897545053e+00 3.982135295431935784e+00 1.762126467398785312e+00 1.601896522980337911e+00 6.000000000000000000e+00 1.000000000000000000e+01
4.861818181818182261e+00 -9.888562159269637108e-01 1.488737190460632243e-01 -6.642248358294859933e+00 1.768459825400002350e+00 4.011201847835987877e+00 1.744286188727888653e+00 -6.611206891473602187e-01 5.000000000000000000e+00 9.000000000000000000e+00
4.887272727272727657e+00 -9.847467728635168616e-01 1.739936588927572247e-01 -5.659670468051227310e+00 1.772792856011063956e+00 4.040480563917558499e+00 1.823468419007241881e+00 -7.553175875219264590e-01 1.100000000000000000e+01 1.300000000000000000e+01
4.912727272727273053e+00 -9.799993134489628499e-01 1.990008684392140237e-01 -4.924598174546707341e+00 1.777107192441184758e+00 4.069972992309779158e+00 1.133783980482768960e+00 -5.859569040402288209e-01 5.000000000000000000e+00 1.100000000000000000e+01
4.938181818181818450e+00 -9.746169135570352804e-01 2.238791455418715493e-01 -4.353317104181797070e+00 1.781402995303893899e+00 4.099680692949623229e+00 8.382349324674019941e-01 1.869078794445618197e+00 4.000000000000000000e+00 1.500000000000000000e+01
4.963636363636363846e+00 -9.686030604387042553e-01 2.486123715923562738e-01 -3.896037249614026976e+00 1.785680423151672747e+00 4.129605237160412834e+00 1.141428120168984872e+00 2.836505879004258990e+00 9.000000000000000000e+00 1.500000000000000000e+01
4.989090909090909243e+00 -9.619616504627912512e-01 2.731845219607119124e-01 -3.521288993822043523e+00 1.789939632511069023e+00 4.159748207734935477e+00 2.928943728110219524e+00 2.185489423928213271e-01 6.000000000000000000e+00 1.300000000000000000e+01
5.014545454545454639e+00 -9.546969865915152509e-01 2.975796763777393550e-01 -3.208206280121258747e+00 1.794180777917065317e+00 4.190111199019155741e+00 1.572037687882836599e+00 6.272788462060994163e-01 9.000000000000000000e+00 1.200000000000000000e+01
5.040000000000000036e+00 -9.468137755926089305e-01 3.217820292497218237e-01 -2.942407249404924041e+00 1.798404011946723502e+00 4.220695816996552274e+00 2.814682777371494415e-01 -1.228145023616214804e+00 1.100000000000000000e+01 1.100000000000000000e+01
5.065454545454545432e+00 -9.383171249898082378e-01 3.457758998988514354e-01 -2.713656808540707122e+00 1.802609485252120836e+00 4.251503679373058731e+00 1.888377726346424090e+00 -9.169523808840155388e-01 3.000000000000000000e+00 1.300000000000000000e+01
5.090909090909090828e+00 -9.292125397536942222e-01 3.695457427227232805e-01 -2.514472316491815018e+00 1.806797346592595499e+00 4.282536415662625551e+00 3.778497490350708476e-01 -5.155981181640983957e-01 9.000000000000000000e+00 1.300000000000000000e+01
5.116363636363636225e+00 -9.195059187350280716e-01 3.930761572663139525e-01 -2.339256405501215497e+00 1.810967742866322006e+00 4.313795667273416790e+00 2.736563968900707522e+00 -8.720107216145543683e-02 1.400000000000000000e+01 1.400000000000000000e+01
5.141818181818181621e+00 -9.092035508428922830e-01 4.163518981999196344e-01 -2.183738214653990095e+00 1.815120819141228692e+00 4.345283087594621563e+00 2.242061060845282894e-01 1.115875797308553130e+00 6.000000000000000000e+00 1.600000000000000000e+01
5.167272727272727018e+00 -8.983121109701135421e-01 4.393578851965881937e-01 -2.044602228017755596e+00 1.819256718685277052e+00 4.377000342083914752e+00 1.596033103804256115e+00 1.137287387245727199e+00 6.000000000000000000e+00 1.500000000000000000e+01
5.192727272727273302e+00 -8.868386556686066458e-01 4.620792127026474572e-01 -1.919235125253938135e+00 1.823375582996117128e+00 4.408949108355537660e+00 1.166453232803703166e+00 -5.541551196053174921e-01 7.000000000000000000e+00 1.000000000000000000e+01
5.218181818181818699e+00 -8.747906185774436683e-01 4.845011595949936800e-01 -1.805549070942786605e+00 1.827477551830134272e+00 4.441131076269039468e+00 3.068137346181992742e-01 -2.508913277604222891e+00 1.000000000000000000e+01 1.200000000000000000e+01
5.243636363636364095e+00 -8.621758056066048947e-01 5.066091987188959811e-01 -1.701855804803503736e+00 1.831562763230904389e+00 4.473547948018656406e+00 6.363950662590400764e-02 -2.369322878159593748e-01 6.000000000000000000e+00 1.100000000000000000e+01
5.269090909090909491e+00 -8.490023898795404644e-01 5.283890063001205339e-01 -1.606775273059549924e+00 1.835631353557067191e+00 4.506201438223341960e+00 4.805439309846257778e-01 4.339666347617415765e-01 1.000000000000000000e+01 9.000000000000000000e+00
5.294545454545454888e+00 -8.352789064378115524e-01 5.498264712252890485e-01 -1.519168228798426723e+00 1.839683457509637909e+00 4.539093274017465873e+00 2.584558691393894936e+00 -2.024822816118354130e+00 5.000000000000000000e+00 1.200000000000000000e+01
5.320000000000000284e+00 -8.210142467112470088e-01 5.709077041844535794e-01 -1.438085772347515778e+00 1.843719208158766110e+00 4.572225195142158860e+00 6.634960188373896228e-01 3.400923359136464597e-01 6.000000000000000000e+00 1.000000000000000000e+01
5.345454545454545681e+00 -8.062176527571952578e-01 5.916190466699651207e-01 -1.362731063672032228e+00 1.847738736969956275e+00 4.605598954037337656e+00 2.392779076704718122e+00 -2.137864802054087576e+00 1.200000000000000000e+01 1.100000000000000000e+01
5.370909090909091077e+00 -7.908987112726058033e-01 6.119470798258058730e-01 -1.292429913216906812e+00 1.851742173829765470e+00 4.639216315934392654e+00 2.263207689915632814e-01 -8.910216284379489371e-02 7.000000000000000000e+00 1.300000000000000000e+01
5.396363636363636473e+00 -7.750673473828185722e-01 6.318786331416510471e-01 -1.226607938187820102e+00 1.855729647070986976e+00 4.673079058949560327e+00 4.416191219042197025e-01 8.460703560157504244e-01 6.000000000000000000e+00 9.000000000000000000e+00
5.421818181818181870e+00 -7.587338182110863194e-01 6.514007929860280433e-01 -1.164772635189838423e+00 1.859701283497334101e+00 4.707188974177967999e+00 2.239951823050652990e+00 3.770508777946710577e-01 7.000000000000000000e+00 1.200000000000000000e+01
5.447272727272727266e+00 -7.419087062329956517e-01 6.705009109730444283e-01 -1.106499177094812270e+00 1.863657208407636601e+00 4.741547865788374949e+00 1.246324663956380530e+00 -6.045866086488129593e-02 7.000000000000000000e+00 1.100000000000000000e+01
5.472727272727272663e+00 -7.246029124200928928e-01 6.891666121572628256e-01 -1.051419061280269407e+00 1.867597545619559485e+00 4.776157551118593858e+00 2.113978911178554521e-01 -5.939677207078679633e-01 1.000000000000000000e+01 1.000000000000000000e+01
5.498181818181818059e+00 -7.068276491771563474e-01 7.073858030514146300e-01 -9.992109625725443811e-01 1.871522417492856638e+00 4.811019860771620138e+00 2.581801664703142318e+00 -7.374535718820518504e-01 1.000000000000000000e+01 1.200000000000000000e+01
5.523636363636363455e+00 -6.885944330776916367e-01 7.251466794617571487e-01 -9.495933065415171903e-01 1.875431944952170138e+00 4.846136638712456701e+00 3.039429791548975412e-01 1.382520740359600930e+00 2.000000000000000000e+00 1.300000000000000000e+01
5.549090909090908852e+00 -6.699150774023567845e-01 7.424377341359975624e-01 -9.023181966659626907e-01 1.879326247509384817e+00 4.881509742365644833e+00 6.067190842363460179e-01 -1.081466616752420951e+00 9.000000000000000000e+00 1.100000000000000000e+01
5.574545454545455136e+00 -6.508016844851494120e-01 7.592477642188300013e-01 -8.571664154384994738e-01 1.883205443285550507e+00 4.917141042713508270e+00 2.841425887729255972e+00 -3.256712153439141888e-01 7.000000000000000000e+00 1.900000000000000000e+01
5.600000000000000533e+00 -6.312666378723208460e-01 7.755658785102501618e-01 -8.139432836897012580e-01 1.887069649032379948e+00 4.953032424395114930e+00 6.881703235438343391e-01 -1.474572681319629597e+00 9.000000000000000000e+00 1.500000000000000000e+01
5.625454545454545929e+00 -6.113225942990861972e-01 7.913815045219561028e-01 -7.724752105097063559e-01 1.890918980153332374e+00 4.989185785805963391e+00 2.273673741099330847e+00 -1.403316654967223798e+00 8.000000000000000000e+00 1.500000000000000000e+01
5.650909090909091326e+00 -5.909824754893417964e-01 8.066843953272491152e-01 -7.326068025024792263e-01 1.894753550724294522e+00 5.025603039198392352e+00 2.360040411735466748e+00 -7.784697911368015921e-01 8.000000000000000000e+00 1.500000000000000000e+01
5.676363636363636722e+00 -5.702594597836944113e-01 8.214646362000064261e-01 -6.941984288229909872e-01 1.898573473513864629e+00 5.062286110782723725e+00 9.999816063303184066e-01 -6.393654767907294700e-02 1.200000000000000000e+01 1.300000000000000000e+01
5.701818181818182119e+00 -5.491669736012283476e-01 8.357126510384221829e-01 -6.571241597442087912e-01 1.902378860003252070e+00 5.099236940829147358e+00 3.725384734952745802e-01 -1.310204339536943152e+00 5.000000000000000000e+00 1.200000000000000000e+01
5.727272727272727515e+00 -5.277186827405436764e-01 8.494192085693526018e-01 -6.212700129884770606e-01 1.906169820405799298e+00 5.136457483770346499e+00 2.319861528754707525e-01 -4.832011502404154890e-01 1.200000000000000000e+01 1.200000000000000000e+01
5.752727272727272911e+00 -5.059284835256999679e-01 8.625754283292479396e-01 -5.865324549131317733e-01 1.909946463686134521e+00 5.173949708304871997e+00 2.103226809244286510e+00 2.926743457281416383e+00 1.500000000000000000e+01 1.200000000000000000e+01
5.778181818181818308e+00 -4.838104938028034430e-01 8.751727864177950567e-01 -5.528171137303156124e-01 1.913708897578965118e+00 5.211715597501275887e+00 7.900578971542328022e-01 -5.928788491545751160e-01 5.000000000000000000e+00 1.100000000000000000e+01
5.803636363636363704e+00 -4.613790437930702093e-01 8.872031210205429952e-01 -5.200376699107521761e-01 1.917457228607518438e+00 5.249757148902998161e+00 2.922703185049066565e+00 3.607546385610880701e+00 7.000000000000000000e+00 1.500000000000000000e+01
5.829090909090909101e+00 -4.386486668082912321e-01 8.986586376969336598e-01 -4.881148952537219254e-01 1.921191562101636885e+00 5.288076374634022692e+00 1.310701055449140284e+00 2.018376970278626281e+00 1.300000000000000000e+01 1.400000000000000000e+01
5.854545454545454497e+00 -4.156340898347158919e-01 9.095319144303114500e-01 -4.569758171653051093e-01 1.924912002215539930e+00 5.326675301505303217e+00 3.224529557908415445e-01 -1.010818673442759885e-01 1.100000000000000000e+01 1.500000000000000000e+01
5.879999999999999893e+00 -3.923502239914538614e-01 9.198159064366391302e-01 -4.265529887512122809e-01 1.928618651945252171e+00 5.365555971121974466e+00 6.768770181350935999e-01 -1.174535331656981763e-01 1.100000000000000000e+01 8.000000000000000000e+00
5.905454545454545290e+00 -3.688121548695771912e-01 9.295039507288062053e-01 -3.967838486112927887e-01 1.932311613145714535e+00 5.404720439991326231e+00 2.076636393953064541e+00 -1.871059200606447259e+00 7.000000000000000000e+00 1.100000000000000000e+01
5.930909090909090686e+00 -3.450351327581825944e-01 9.385897704335709468e-01 -3.676101568833394784e-01 1.935990986547576176e+00 5.444170779631586576e+00 2.389909011870565259e+00 1.861620761494400700e+00 7.000000000000000000e+00 1.400000000000000000e+01
5.956363636363636971e+00 -3.210345627637451460e-01 9.470674788583393067e-01 -3.389774962505759381e-01 1.939656871773681734e+00 5.483909076681487527e+00 2.835693022150466369e+00 1.753693472627477545e+00 1.200000000000000000e+01 1.000000000000000000e+01
5.981818181818182367e+00 -2.968259948291698813e-01 9.549315833051463809e-01 -3.108348283987165672e-01 1.943309367355255945e+00 5.523937433010632780e+00 2.951007565890317430e+00 -1.055374354112286861e+00 1.100000000000000000e+01 8.000000000000000000e+00
6.007272727272727764e+00 -2.724251136589959654e-01 9.621769886293701779e-01 -2.831340978618372972e-01 1.946948570747795149e+00 5.564257965830673669e+00 3.228373512569161496e-01 -1.584501109433226418e+00 7.000000000000000000e+00 1.300000000000000000e+01
6.032727272727273160e+00 -2.478477285572974476e-01 9.687990005408697591e-01 -2.558298763922411401e-01 1.950574578346668364e+00 5.604872807807291579e+00 1.503190128564080741e+00 -1.136952998514253022e+00 1.000000000000000000e+01 1.300000000000000000e+01
6.058181818181818556e+00 -2.231097631848512342e-01 9.747933286454106838e-01 -2.288790419758907624e-01 1.954187485502439037e+00 5.645784107173001942e+00 2.697317573257290491e+00 2.726841685175330765e-01 2.000000000000000000e+00 1.100000000000000000e+01
6.083636363636363953e+00 -1.982272452422151887e-01 9.801560892244064460e-01 -2.022404874299884303e-01 1.957787386535909224e+00 5.686994027840779786e+00 1.123878933688299719e+00 -8.684591127281340306e-01 8.000000000000000000e+00 9.000000000000000000e+00
6.109090909090909349e+00 -1.732162960853983746e-01 9.848838077511761213e-01 -1.758748541931153819e-01 1.961374374752894889e+00 5.728504749518514849e+00 4.528241615455960156e-01 -4.393185642082124143e-01 1.000000000000000000e+01 7.000000000000000000e+00
6.134545454545454746e+00 -1.480931202808522806e-01 9.889734211420856402e-01 -1.497442874752200059e-01 1.964948542458737180e+00 5.770318467824306019e+00 1.014375037330256468e+00 -3.441929806113825929e-01 3.000000000000000000e+00 1.000000000000000000e+01
6.160000000000000142e+00 -1.228739951065500463e-01 9.924222797411168528e-01 -1.238122093939718338e-01 1.968509980972554363e+00 5.812437394402588886e+00 2.651722850604431692e+00 -2.897300992724437751e+00 8.000000000000000000e+00 8.000000000000000000e+00
6.185454545454545539e+00 -9.757526000595592719e-02 9.952281490365765260e-01 -9.804310710103301962e-02 1.972058780641241738e+00 5.854863757041115946e+00 2.856201073373068944e+00 -5.908560355271000875e-01 1.000000000000000000e+01 1.000000000000000000e+01
6.210909090909090935e+00 -7.221330600171788072e-02 9.973892111088340506e-01 -7.240233320895431146e-02 1.975595030853224632e+00 5.897599799788794783e+00 2.133434804477747360e-01 -4.183370882650652156e-01 5.000000000000000000e+00 1.000000000000000000e+01
6.236363636363636331e+00 -4.680456507594199511e-02 9.989040658081494994e-01 -4.685591607646066165e-02 1.979118820051966710e+00 5.940647783074377131e+00 2.407303329714402196e+00 1.366264434974409303e+00 1.300000000000000000e+01 1.300000000000000000e+01
6.261818181818181728e+00 -2.136549952392938906e-02 9.997717316618294214e-01 -2.137037770453408328e-02 1.982630235749244019e+00 5.984009983826026335e+00 2.648974288251504383e+00 -1.615173467643209682e+00 1.000000000000000000e+01 1.000000000000000000e+01
6.287272727272727124e+00 4.087408711726849171e-03 9.999916465101212903e-01 4.087442856139378300e-03 1.986129364538184117e+00 6.027688695591741030e+00 1.698059984205766870e+00 -1.490198216846130297e+00 8.000000000000000000e+00 1.400000000000000000e+01
6.312727272727272521e+00 2.953766871977412181e-02 9.995636678704368228e-01 2.955056257967430058e-02 1.989616292106080708e+00 6.071686228660673201e+00 1.680613145831698629e-01 4.033469660561582182e-01 5.000000000000000000e+00 9.000000000000000000e+00
6.338181818181818805e+00 5.496879130474446179e-02 9.984880730296659124e-01 5.505202594754608769e-02 1.993091103246983131e+00 6.116004910185324661e+00 2.138597030269686616e+00 7.984630531142637988e-01 4.000000000000000000e+00 1.600000000000000000e+01
6.363636363636364202e+00 8.036429967028262122e-02 9.967655588645231157e-01 8.062507673502537775e-02 1.996553881874068237e+00 6.160647084304638810e+00 9.676686706162074270e-02 -1.408395136543887149e+00 1.200000000000000000e+01 1.200000000000000000e+01
6.389090909090909598e+00 1.057077400944496093e-01 9.943972413900413754e-01 1.063033320030972451e-01 2.000004711031801108e+00 6.205615112267985012e+00 8.466692119584714460e-01 3.743543261936266298e-01 1.100000000000000000e+01 1.000000000000000000e+01
6.414545454545454994e+00 1.309826925900674788e-01 9.913846550365079668e-01 1.321209602394380622e-01 2.003443672907883943e+00 6.250911372560053358e+00 9.628446290450061174e-01 2.136684160498480978e+00 5.000000000000000000e+00 1.100000000000000000e+01
6.440000000000000391e+00 1.561727815432119026e-01 9.877297516553078527e-01 1.581128656714920755e-01 2.006870848845000666e+00 6.296538261026657146e+00 8.484338424952430069e-01 -2.445469841399503075e+00 8.000000000000000000e+00 1.100000000000000000e+01
6.465454545454545787e+00 1.812616863229543629e-01 9.834348992543222590e-01 1.843148808938892547e-01 2.010286319352362128e+00 6.342498191001460839e+00 2.710184873034783948e+00 -1.853258123388730638e+00 9.000000000000000000e+00 9.000000000000000000e+00
6.490909090909091184e+00 2.062331518554810228e-01 9.785028804636980437e-01 2.107639701149885136e-01 2.013690164117055481e+00 6.388793593433625517e+00 5.858737114889873698e-01 1.454373730130609665e+00 1.300000000000000000e+01 1.200000000000000000e+01
6.516363636363636580e+00 2.310709991557371168e-01 9.729368907329855043e-01 2.374984455380802773e-01 2.017082462015197031e+00 6.435426917016386028e+00 8.795071310539304132e-02 -1.239021312330012892e+00 1.000000000000000000e+01 1.200000000000000000e+01
6.541818181818181976e+00 2.557591358097736634e-01 9.667405362608095798e-01 2.645581996582114237e-01 2.020463291122901239e+00 6.482400628316573155e+00 2.248766555643221032e+00 -7.811034711941493569e-01 9.000000000000000000e+00 6.000000000000000000e+00
6.567272727272727373e+00 2.802815664010046559e-01 9.599178316584181525e-01 2.919849565840146322e-01 2.023832728727063213e+00 6.529717211905073704e+00 2.415050283557377497e+00 1.460294534276531941e-01 7.000000000000000000e+00 1.200000000000000000e+01
6.592727272727272769e+00 3.046224028736200240e-01 9.524731973486193493e-01 3.198225458958754430e-01 2.027190851335958222e+00 6.577379170488248050e+00 1.644695614841955367e+00 -1.098001365547068175e+00 6.000000000000000000e+00 1.400000000000000000e+01
6.618181818181818166e+00 3.287658748264393749e-01 9.444114567017948270e-01 3.481172030405066398e-01 2.030537734689666696e+00 6.625389025040308688e+00 2.860166343898018493e+00 4.450249318573390456e-02 5.000000000000000000e+00 1.300000000000000000e+01
6.643636363636363562e+00 3.526963397305376002e-01 9.357378329108432258e-01 3.769179008541191922e-01 2.033873453770325135e+00 6.673749314936656241e+00 2.085113632063126499e+00 -2.636261305808214495e+00 9.000000000000000000e+00 1.600000000000000000e+01
6.669090909090908958e+00 3.763982930640221714e-01 9.264579456070796137e-01 4.062767175226500438e-01 2.037198082812203381e+00 6.722462598088195129e+00 2.697308450252077883e+00 -4.919467108978595737e-01 7.000000000000000000e+00 1.600000000000000000e+01
6.694545454545454355e+00 3.998563783573960140e-01 9.165778072192818371e-01 4.362492471539128891e-01 2.040511695311618467e+00 6.771531451076630681e+00 2.013858171537657782e+00 -1.587384927204820162e+00 1.000000000000000000e+01 1.400000000000000000e+01
6.720000000000000639e+00 4.230553971429976134e-01 9.061038190782447765e-01 4.668950601856645677e-01 2.043814364036685038e+00 6.820958469290749449e+00 2.886981025254699684e+00 8.107611269433974144e-01 1.100000000000000000e+01 1.100000000000000000e+01
6.745454545454546036e+00 4.459803188020686759e-01 8.950427672693663794e-01 4.982782221263950539e-01 2.047106161036899685e+00 6.870746267063702284e+00 1.585814459830993117e-01 -2.204867064161668555e+00 6.000000000000000000e+00 1.300000000000000000e+01
6.770909090909091432e+00 4.686162903030800519e-01 8.834018182359483218e-01 5.304678806738849506e-01 2.050387157652576509e+00 6.920897477811274179e+00 2.123173944556846493e+00 2.287110069526707701e+00 6.000000000000000000e+00 1.300000000000000000e+01
6.796363636363636829e+00 4.909486458249913698e-01 8.711885141360663498e-01 5.635389331456597262e-01 2.053657424524121478e+00 6.971414754171179951e+00 2.010326869510656422e+00 -1.348927553691607883e+00 4.000000000000000000e+00 1.000000000000000000e+01
6.821818181818182225e+00 5.129629162592214131e-01 8.584107679560147863e-01 5.975727884689183700e-01 2.056917031601158907e+00 7.022300768143368010e+00 2.354530579158142789e-01 4.059789239764454664e-04 1.000000000000000000e+01 1.300000000000000000e+01
6.847272727272727622e+00 5.346448385841671147e-01 8.450768583834904479e-01 6.326582408218646147e-01 2.060166048151508722e+00 7.073558211231351756e+00 5.070756312792521481e-01 -7.481062182085537193e-01 5.000000000000000000e+00 1.400000000000000000e+01
6.872727272727273018e+00 5.559803651062001917e-01 8.311954244438406469e-01 6.688924755309029191e-01 2.063404542770018946e+00 7.125189794584565917e+00 3.439930762362863881e-02 2.255490947982614180e+00 9.000000000000000000e+00 1.100000000000000000e+01
6.898181818181818414e+00 5.769556725611518777e-01 8.167754599028480555e-01 7.063822321862831544e-01 2.066632583387254751e+00 7.177198249141769182e+00 7.917772637785908119e-01 8.196840747849699627e-01 5.000000000000000000e+00 1.600000000000000000e+01
6.923636363636363811e+00 5.975571710703909689e-01 8.018263074396795309e-01 7.452451553734340539e-01 2.069850237278048510e+00 7.229586325775493982e+00 2.149454344340388623e+00 1.341896274694425184e+00 9.000000000000000000e+00 1.400000000000000000e+01
6.949090909090909207e+00 6.177715129456909926e-01 7.863576525937748807e-01 7.856113702308255009e-01 2.073057571069912619e+00 7.282356795437543440e+00 8.779242434184949539e-01 -1.203000351956996727e+00 1.300000000000000000e+01 1.200000000000000000e+01
6.974545454545454604e+00 6.375856013371826725e-01 7.703795174895962106e-01 8.276253286365354844e-01 2.076254650751316877e+00 7.335512449305559457e+00 2.788614394574505884e+00 -9.160337460932859166e-01 1.300000000000000000e+01 1.200000000000000000e+01
7.000000000000000000e+00 6.569865987187890610e-01 7.539022543433046009e-01 8.714479827243187815e-01 2.079441541679835748e+00 7.389056098930650407e+00 4.478617471848198583e-01 -1.624531393081876995e+00 1.000000000000000000e+01 9.000000000000000000e+00
